01:06:57 PM      eno1    144.00      5.00      8.47      0.56      0.00      0.00      3.00      0.01
01:06:58 PM      eno1    128.00      2.00      7.50      1.00      0.00      0.00      0.00      0.01
01:06:59 PM      eno1    131.00      3.00      7.68      0.85      0.00      0.00      4.00      0.01
01:07:00 PM      eno1    129.00      6.00      7.56      2.44      0.00      0.00      0.00      0.01
01:07:01 PM      eno1    134.00      5.00      7.85      1.73      0.00      0.00      5.00      0.01
01:07:02 PM      eno1    146.53      2.97      8.59      0.43      0.00      0.00      0.00      0.01
01:07:03 PM      eno1    148.00      0.00      8.67      0.00      0.00      0.00      9.00      0.01
01:07:04 PM      eno1    138.00      0.00      8.09      0.00      0.00      0.00      0.00      0.01
01:07:05 PM      eno1    140.00      0.00      8.20      0.00      0.00      0.00      7.00      0.01
01:07:06 PM      eno1    129.00      2.00      7.56      0.50      0.00      0.00      0.00      0.01
01:07:07 PM      eno1    116.00      0.00      6.80      0.00      0.00      0.00     10.00      0.01
01:07:08 PM      eno1    123.00      0.00      7.21      0.00      0.00      0.00      0.00      0.01
01:07:09 PM      eno1    118.00      0.00      6.91      0.00      0.00      0.00      8.00      0.01
01:07:10 PM      eno1    127.00      0.00      7.44      0.00      0.00      0.00      0.00      0.01
01:07:11 PM      eno1    127.00      0.00      7.44      0.00      0.00      0.00      5.00      0.01
01:07:12 PM      eno1    124.00      1.00      7.27      0.05      0.00      0.00      0.00      0.01
01:07:13 PM      eno1    135.00      1.00      7.91      0.17      0.00      0.00      7.00      0.01
01:07:14 PM      eno1    135.00      0.00      7.91      0.00      0.00      0.00      0.00      0.01
01:07:15 PM      eno1    143.00      0.00      8.38      0.00      0.00      0.00      6.00      0.01
01:07:16 PM      eno1    140.00      0.00      8.20      0.00      0.00      0.00      0.00      0.01
01:07:17 PM      eno1    125.00      0.00      7.32      0.00      0.00      0.00      5.00      0.01
01:07:18 PM      eno1    141.00      0.00      8.26      0.00      0.00      0.00      0.00      0.01
01:07:19 PM      eno1    145.00      1.00      8.50      0.17      0.00      0.00      5.00      0.01
01:07:20 PM      eno1    141.00      0.00      8.26      0.00      0.00      0.00      0.00      0.01
01:07:21 PM      eno1    152.00      0.00      8.91      0.00      0.00      0.00      5.00      0.01
01:07:22 PM      eno1    146.00      0.00      8.55      0.00      0.00      0.00      0.00      0.01
01:07:23 PM      eno1    143.00      0.00      8.38      0.00      0.00      0.00      8.00      0.01
01:07:24 PM      eno1    143.00      1.00      8.38      0.17      0.00      0.00      0.00      0.01
01:07:25 PM      eno1    150.00      0.00      8.79      0.00      0.00      0.00     10.00      0.01
01:07:26 PM      eno1    156.00      0.00      9.14      0.00      0.00      0.00      0.00      0.01
01:07:27 PM      eno1    154.00      0.00      9.02      0.00      0.00      0.00      4.00      0.01
01:07:28 PM      eno1    153.00      0.00      8.96      0.00      0.00      0.00      0.00      0.01
01:07:29 PM      eno1    145.00      0.00      8.50      0.00      0.00      0.00      5.00      0.01
01:07:30 PM      eno1    127.00      1.00      7.44      0.17      0.00      0.00      0.00      0.01
01:07:31 PM      eno1    126.00      0.00      7.38      0.00      0.00      0.00      7.00      0.01
01:07:32 PM      eno1    129.00      0.00      7.56      0.00      0.00      0.00      0.00      0.01
01:07:33 PM      eno1    137.00      0.00      8.03      0.00      0.00      0.00      7.00      0.01
01:07:34 PM      eno1    150.00      1.00      8.79      0.06      0.00      0.00      0.00      0.01
01:07:35 PM      eno1    162.00      1.00      9.49      0.17      0.00      0.00      5.00      0.01
01:07:36 PM      eno1    148.00      0.00      8.67      0.00      0.00      0.00      0.00      0.01
01:07:37 PM      eno1    165.00      0.00      9.67      0.00      0.00      0.00      9.00      0.01
01:07:38 PM      eno1    148.00      0.00      8.67      0.00      0.00      0.00      0.00      0.01
01:07:39 PM      eno1    138.00      0.00      8.09      0.00      0.00      0.00      5.00      0.01
01:07:40 PM      eno1    140.00      1.00      8.20      0.17      0.00      0.00      0.00      0.01
01:07:41 PM      eno1    132.00      0.00      7.73      0.00      0.00      0.00     10.00      0.01
01:07:42 PM      eno1    141.00      0.00      8.26      0.00      0.00      0.00      0.00      0.01
01:07:43 PM      eno1    131.00      1.00      7.68      0.20      0.00      0.00      7.00      0.01
01:07:44 PM      eno1    140.00      0.00      8.20      0.00      0.00      0.00      0.00      0.01
01:07:45 PM      eno1    124.00      1.00      7.27      0.17      0.00      0.00      5.00      0.01
01:07:46 PM      eno1    133.00      0.00      7.79      0.00      0.00      0.00      0.00      0.01
01:07:47 PM      eno1    133.00      0.00      7.79      0.00      0.00      0.00      6.00      0.01
01:07:48 PM      eno1    131.00      0.00      7.68      0.00      0.00      0.00      0.00      0.01
01:07:49 PM      eno1    132.00      0.00      7.73      0.00      0.00      0.00      5.00      0.01
01:07:50 PM      eno1    127.00      1.00      7.44      0.17      0.00      0.00      0.00      0.01
01:07:51 PM      eno1    126.00      0.00      7.38      0.00      0.00      0.00      7.00      0.01
01:07:52 PM      eno1    136.00      1.00      7.97      0.05      0.00      0.00      0.00      0.01
01:07:53 PM      eno1    124.00      0.00      7.27      0.00      0.00      0.00      7.00      0.01
01:07:54 PM      eno1    131.00      0.00      7.68      0.00      0.00      0.00      0.00      0.01
01:07:55 PM      eno1    136.00      1.00      7.97      0.17      0.00      0.00      8.00      0.01
01:07:56 PM      eno1    139.00      0.00      8.14      0.00      0.00      0.00      0.00      0.01
01:07:57 PM      eno1    135.00      0.00      7.91      0.00      0.00      0.00     14.00      0.01
01:07:58 PM      eno1    138.00      0.00      8.09      0.00      0.00      0.00      0.00      0.01
01:07:59 PM      eno1    124.00      0.00      7.27      0.00      0.00      0.00      8.00      0.01
01:08:00 PM      eno1    150.00      1.00      8.79      0.17      0.00      0.00      0.00      0.01
01:08:01 PM      eno1    157.00      0.00      9.20      0.00      0.00      0.00      7.00      0.01
01:08:02 PM      eno1    150.00      0.00      8.79      0.00      0.00      0.00      0.00      0.01
01:08:03 PM      eno1    147.00      0.00      8.61      0.00      0.00      0.00      7.00      0.01
01:08:04 PM      eno1    149.00      0.00      8.73      0.00      0.00      0.00      0.00      0.01
01:08:05 PM      eno1    135.00      1.00      7.91      0.17      0.00      0.00      8.00      0.01
01:08:06 PM      eno1    137.00      0.00      8.03      0.00      0.00      0.00      0.00      0.01
01:08:07 PM      eno1    143.00      0.00      8.38      0.00      0.00      0.00      9.00      0.01
01:08:08 PM      eno1    150.00      0.00      8.79      0.00      0.00      0.00      0.00      0.01
01:08:09 PM      eno1    139.00      0.00      8.14      0.00      0.00      0.00      8.00      0.01
01:08:10 PM      eno1    142.00      1.00      8.32      0.17      0.00      0.00      0.00      0.01
01:08:11 PM      eno1    144.00      0.00      8.44      0.00      0.00      0.00     11.00      0.01
01:08:12 PM      eno1    142.00      0.00      8.32      0.00      0.00      0.00      0.00      0.01
01:08:13 PM      eno1    134.00      0.00      7.85      0.00      0.00      0.00      7.00      0.01
01:08:14 PM      eno1    144.00      0.00      8.44      0.00      0.00      0.00      0.00      0.01
01:08:15 PM      eno1    138.00      1.00      8.09      0.17      0.00      0.00      7.00      0.01
01:08:16 PM      eno1    130.00      0.00      7.62      0.00      0.00      0.00      0.00      0.01
01:08:17 PM      eno1    134.00      0.00      7.85      0.00      0.00      0.00      9.00      0.01
01:08:18 PM      eno1    130.00      0.00      7.62      0.00      0.00      0.00      0.00      0.01
01:08:19 PM      eno1    123.00      0.00      7.21      0.00      0.00      0.00      5.00      0.01
01:08:20 PM      eno1    128.00      0.00      7.50      0.00      0.00      0.00      0.00      0.01
01:08:21 PM      eno1    129.00      1.00      7.56      0.17      0.00      0.00      7.00      0.01
01:08:22 PM      eno1    123.00      0.00      7.21      0.00      0.00      0.00      0.00      0.01
01:08:23 PM      eno1    130.00      0.00      7.62      0.00      0.00      0.00      5.00      0.01
01:08:24 PM      eno1    119.00      0.00      6.97      0.00      0.00      0.00      0.00      0.01
01:08:25 PM      eno1    113.00      0.00      6.62      0.00      0.00      0.00      7.00      0.01
01:08:26 PM      eno1    118.00      1.00      6.91      0.17      0.00      0.00      0.00      0.01
01:08:27 PM      eno1    127.00      0.00      7.44      0.00      0.00      0.00      8.00      0.01
01:08:28 PM      eno1    119.00      0.00      6.97      0.00      0.00      0.00      0.00      0.01
01:08:29 PM      eno1    132.00      0.00      7.73      0.00      0.00      0.00      6.00      0.01
01:08:30 PM      eno1    137.00      0.00      8.03      0.00      0.00      0.00      0.00      0.01
01:08:31 PM      eno1    145.00      1.00      8.50      0.17      0.00      0.00      7.00      0.01
01:08:32 PM      eno1    150.00      0.00      8.79      0.00      0.00      0.00      0.00      0.01
01:08:33 PM      eno1    143.00      0.00      8.38      0.00      0.00      0.00      8.00      0.01
01:08:34 PM      eno1    138.00      0.00      8.09      0.00      0.00      0.00      0.00      0.01
01:08:35 PM      eno1    145.00      0.00      8.50      0.00      0.00      0.00      6.00      0.01
01:08:36 PM      eno1    167.00      1.00      9.79      0.17      0.00      0.00      0.00      0.01
01:08:37 PM      eno1    156.00      0.00      9.14      0.00      0.00      0.00     12.00      0.01
01:08:38 PM      eno1    172.00      0.00     10.08      0.00      0.00      0.00      0.00      0.01
01:08:39 PM      eno1    172.00      0.00     10.08      0.00      0.00      0.00      6.00      0.01
01:08:40 PM      eno1    152.00      0.00      8.91      0.00      0.00      0.00      0.00      0.01
01:08:41 PM      eno1    159.00      1.00      9.32      0.17      0.00      0.00      5.00      0.01
01:08:42 PM      eno1    162.00      0.00      9.49      0.00      0.00      0.00      0.00      0.01
01:08:43 PM      eno1    149.00      5.00      9.22      1.29      0.00      0.00      8.00      0.01
01:08:44 PM      eno1    145.00      5.00      8.63      0.98      0.00      0.00      0.00      0.01
01:08:45 PM      eno1    121.00      2.00      7.25      0.18      0.00      0.00      6.00      0.01
01:08:46 PM      eno1    125.00      1.00      7.32      0.17      0.00      0.00      0.00      0.01
01:08:47 PM      eno1    129.00      0.00      7.56      0.00      0.00      0.00      2.00      0.01
01:08:48 PM      eno1    137.00      0.00      8.03      0.00      0.00      0.00      0.00      0.01
01:08:49 PM      eno1    159.00      0.00      9.32      0.00      0.00      0.00      6.00      0.01
01:08:50 PM      eno1    157.00      0.00      9.20      0.00      0.00      0.00      0.00      0.01
01:08:51 PM      eno1    155.00      1.00      9.08      0.17      0.00      0.00      8.00      0.01
01:08:52 PM      eno1    159.00      0.00      9.32      0.00      0.00      0.00      0.00      0.01
01:08:53 PM      eno1    150.00      0.00      8.79      0.00      0.00      0.00      7.00      0.01
01:08:54 PM      eno1    135.00      0.00      7.91      0.00      0.00      0.00      0.00      0.01
01:08:55 PM      eno1    137.00      0.00      8.03      0.00      0.00      0.00      9.00      0.01
01:08:56 PM      eno1    142.00      0.00      8.32      0.00      0.00      0.00      0.00      0.01
01:08:57 PM      eno1    154.00      1.00      9.02      0.17      0.00      0.00      6.00      0.01
01:08:58 PM      eno1    137.00      0.00      8.03      0.00      0.00      0.00      0.00      0.01
01:08:59 PM      eno1    127.00      0.00      7.44      0.00      0.00      0.00      5.00      0.01
01:09:00 PM      eno1    134.00      0.00      7.85      0.00      0.00      0.00      0.00      0.01
01:09:01 PM      eno1    143.00      0.00      8.38      0.00      0.00      0.00     11.00      0.01
01:09:02 PM      eno1    154.00      1.00      9.02      0.17      0.00      0.00      0.00      0.01
01:09:03 PM      eno1    155.00      0.00      9.08      0.00      0.00      0.00      5.00      0.01
01:09:04 PM      eno1    158.00      2.00      9.26      0.13      0.00      0.00      0.00      0.01
01:09:05 PM      eno1    131.00      0.00      7.68      0.00      0.00      0.00     10.00      0.01
01:09:06 PM      eno1    135.00      0.00      7.91      0.00      0.00      0.00      0.00      0.01
01:09:07 PM      eno1    163.00      4.00      9.84      0.40      0.00      0.00      7.00      0.01
01:09:08 PM      eno1    147.00      0.00      8.61      0.00      0.00      0.00      0.00      0.01
01:09:09 PM      eno1    155.00      0.00      9.08      0.00      0.00      0.00      5.00      0.01
01:09:10 PM      eno1    160.00      0.00      9.38      0.00      0.00      0.00      0.00      0.01
01:09:11 PM      eno1    160.00      0.00      9.38      0.00      0.00      0.00      9.00      0.01
01:09:12 PM      eno1    136.63      0.99      8.01      0.17      0.00      0.00      0.00      0.01
01:09:13 PM      eno1    127.00      0.00      7.44      0.00      0.00      0.00      7.00      0.01
01:09:14 PM      eno1    112.00      0.00      6.56      0.00      0.00      0.00      0.00      0.01
01:09:15 PM      eno1    106.00      0.00      6.21      0.00      0.00      0.00      7.00      0.01
01:09:16 PM      eno1    120.00      0.00      7.03      0.00      0.00      0.00      0.00      0.01
01:09:17 PM      eno1    135.00      1.00      7.91      0.17      0.00      0.00      7.00      0.01
01:09:18 PM      eno1    146.00      0.00      8.55      0.00      0.00      0.00      0.00      0.01
01:09:19 PM      eno1    148.00      0.00      8.67      0.00      0.00      0.00      5.00      0.01
01:09:20 PM      eno1    154.00      0.00      9.02      0.00      0.00      0.00      0.00      0.01
01:09:21 PM      eno1    151.00      0.00      8.85      0.00      0.00      0.00      6.00      0.01
01:09:22 PM      eno1    137.00      1.00      8.03      0.17      0.00      0.00      0.00      0.01
01:09:23 PM      eno1    133.00      0.00      7.79      0.00      0.00      0.00      7.00      0.01
01:09:24 PM      eno1    125.00      0.00      7.32      0.00      0.00      0.00      0.00      0.01
01:09:25 PM      eno1    130.00      0.00      7.62      0.00      0.00      0.00      8.00      0.01
01:09:26 PM      eno1    120.00      0.00      7.03      0.00      0.00      0.00      0.00      0.01
01:09:27 PM      eno1    143.00      1.00      8.38      0.17      0.00      0.00      6.00      0.01
01:09:28 PM      eno1    124.00      0.00      7.27      0.00      0.00      0.00      0.00      0.01
01:09:29 PM      eno1    127.00      0.00      7.44      0.00      0.00      0.00      5.00      0.01
01:09:30 PM      eno1    126.00      0.00      7.38      0.00      0.00      0.00      0.00      0.01
01:09:31 PM      eno1    137.00      0.00      8.03      0.00      0.00      0.00      6.00      0.01
01:09:32 PM      eno1    156.00      1.00      9.14      0.17      0.00      0.00      0.00      0.01
01:09:33 PM      eno1    148.00      0.00      8.67      0.00      0.00      0.00      4.00      0.01
01:09:34 PM      eno1    158.00      0.00      9.26      0.00      0.00      0.00      0.00      0.01
01:09:35 PM      eno1    150.00      0.00      8.79      0.00      0.00      0.00      8.00      0.01
01:09:36 PM      eno1    155.00      0.00      9.08      0.00      0.00      0.00      0.00      0.01
01:09:37 PM      eno1    150.00      0.00      8.79      0.00      0.00      0.00      5.00      0.01
01:09:38 PM      eno1    155.00      1.00      9.08      0.17      0.00      0.00      0.00      0.01
01:09:39 PM      eno1    136.00      0.00      7.97      0.00      0.00      0.00      9.00      0.01
01:09:40 PM      eno1    136.00      0.00      7.97      0.00      0.00      0.00      0.00      0.01
01:09:41 PM      eno1    139.00      0.00      8.14      0.00      0.00      0.00      6.00      0.01
01:09:42 PM      eno1    126.00      1.00      7.38      0.05      0.00      0.00      0.00      0.01
01:09:43 PM      eno1    127.00      1.00      7.44      0.17      0.00      0.00     12.00      0.01
01:09:44 PM      eno1    134.00      0.00      7.85      0.00      0.00      0.00      0.00      0.01
01:09:45 PM      eno1    132.00      0.00      7.73      0.00      0.00      0.00      0.00      0.01
01:09:46 PM      eno1    140.00      0.00      8.20      0.00      0.00      0.00     12.00      0.01
01:09:47 PM      eno1    149.00      0.00      8.73      0.00      0.00      0.00      0.00      0.01
01:09:48 PM      eno1    138.00      1.00      8.09      0.17      0.00      0.00      7.00      0.01
01:09:49 PM      eno1    144.00      0.00      8.44      0.00      0.00      0.00      0.00      0.01
01:09:50 PM      eno1    138.00      0.00      8.09      0.00      0.00      0.00     12.00      0.01
01:09:51 PM      eno1    145.00      0.00      8.50      0.00      0.00      0.00      0.00      0.01
01:09:52 PM      eno1    154.00      0.00      9.02      0.00      0.00      0.00      6.00      0.01
01:09:53 PM      eno1    142.00      1.00      8.32      0.17      0.00      0.00      0.00      0.01
01:09:54 PM      eno1    139.00      0.00      8.14      0.00      0.00      0.00      6.00      0.01
01:09:55 PM      eno1    136.00      1.00      7.97      0.12      0.00      0.00      0.00      0.01
01:09:56 PM      eno1    126.00      0.00      7.38      0.00      0.00      0.00      9.00      0.01
01:09:57 PM      eno1    129.00      3.00      7.56      0.77      0.00      0.00      0.00      0.01
01:09:58 PM      eno1    132.00      2.00      7.73      0.58      0.00      0.00      4.00      0.01
01:09:59 PM      eno1    128.00      2.00      7.50      0.58      0.00      0.00      0.00      0.01
01:10:00 PM      eno1    118.00      0.00      6.91      0.00      0.00      0.00     13.00      0.01
01:10:01 PM      eno1    127.00      0.00      7.44      0.00      0.00      0.00      0.00      0.01
01:10:02 PM      eno1    146.00      1.00      8.55      0.05      0.00      0.00      7.00      0.01
01:10:03 PM      eno1    136.00      0.00      7.97      0.00      0.00      0.00      0.00      0.01
01:10:04 PM      eno1    144.00      0.00      8.44      0.00      0.00      0.00      8.00      0.01
01:10:05 PM      eno1    151.00      0.00      8.85      0.00      0.00      0.00      0.00      0.01
01:10:06 PM      eno1    157.00      0.00      9.20      0.00      0.00      0.00      6.00      0.01
01:10:07 PM      eno1    165.00      0.00      9.67      0.00      0.00      0.00      0.00      0.01
01:10:08 PM      eno1    172.00      0.00     10.08      0.00      0.00      0.00      8.00      0.01
01:10:09 PM      eno1    176.00      0.00     10.31      0.00      0.00      0.00      0.00      0.01
01:10:10 PM      eno1    169.00      0.00      9.90      0.00      0.00      0.00      9.00      0.01
01:10:11 PM      eno1    161.00      0.00      9.43      0.00      0.00      0.00      0.00      0.01
01:10:12 PM      eno1    154.00      0.00      9.02      0.00      0.00      0.00     14.00      0.01
01:10:13 PM      eno1    151.00      0.00      8.85      0.00      0.00      0.00      0.00      0.01
01:10:14 PM      eno1    141.00      0.00      8.26      0.00      0.00      0.00     11.00      0.01
01:10:15 PM      eno1    132.00      3.00      7.76      0.40      0.00      0.00      0.00      0.01
Average:         eno1    140.10      0.46      8.21      0.09      0.00      0.00      3.59      0.01
