Linux 4.4.0-142-generic (node0.g16-a2.cs744-s19-pg0.wisc.cloudlab.us) 	04/19/2019 	_x86_64_	(40 CPU)
01:06:57 PM        lo     12.00     12.00      3.69      3.69      0.00      0.00      0.00      0.00
01:06:58 PM        lo     83.00     83.00     14.52     14.52      0.00      0.00      0.00      0.00
01:06:59 PM        lo     66.00     66.00     15.01     15.01      0.00      0.00      0.00      0.00
01:07:00 PM        lo     46.00     46.00      8.34      8.34      0.00      0.00      0.00      0.00
01:07:01 PM        lo      0.00      0.00      0.00      0.00      0.00      0.00      0.00      0.00
01:07:02 PM        lo     41.58     41.58    571.14    571.14      0.00      0.00      0.00      0.00
01:07:03 PM        lo      0.00      0.00      0.00      0.00      0.00      0.00      0.00      0.00
01:07:04 PM        lo      0.00      0.00      0.00      0.00      0.00      0.00      0.00      0.00
01:07:05 PM        lo      0.00      0.00      0.00      0.00      0.00      0.00      0.00      0.00
01:07:06 PM        lo    171.00    171.00     20.38     20.38      0.00      0.00      0.00      0.00
01:07:07 PM        lo     58.00     58.00     10.61     10.61      0.00      0.00      0.00      0.00
01:07:08 PM        lo   1612.00   1612.00    215.81    215.81      0.00      0.00      0.00      0.00
01:07:09 PM        lo      1.00      1.00      0.05      0.05      0.00      0.00      0.00      0.00
01:07:10 PM        lo      0.00      0.00      0.00      0.00      0.00      0.00      0.00      0.00
01:07:11 PM        lo      0.00      0.00      0.00      0.00      0.00      0.00      0.00      0.00
01:07:12 PM        lo      0.00      0.00      0.00      0.00      0.00      0.00      0.00      0.00
01:07:13 PM        lo     27.00     27.00    252.54    252.54      0.00      0.00      0.00      0.00
01:07:14 PM        lo    865.00    865.00    114.01    114.01      0.00      0.00      0.00      0.00
01:07:15 PM        lo    792.00    792.00    108.69    108.69      0.00      0.00      0.00      0.00
01:07:16 PM        lo      0.00      0.00      0.00      0.00      0.00      0.00      0.00      0.00
01:07:17 PM        lo      0.00      0.00      0.00      0.00      0.00      0.00      0.00      0.00
01:07:18 PM        lo      0.00      0.00      0.00      0.00      0.00      0.00      0.00      0.00
01:07:19 PM        lo    134.00    134.00    268.52    268.52      0.00      0.00      0.00      0.00
01:07:20 PM        lo   1539.00   1539.00    206.48    206.48      0.00      0.00      0.00      0.00
01:07:21 PM        lo      0.00      0.00      0.00      0.00      0.00      0.00      0.00      0.00
01:07:22 PM        lo      0.00      0.00      0.00      0.00      0.00      0.00      0.00      0.00
01:07:23 PM        lo      0.00      0.00      0.00      0.00      0.00      0.00      0.00      0.00
01:07:24 PM        lo     28.00     28.00    253.71    253.71      0.00      0.00      0.00      0.00
01:07:25 PM        lo   1642.00   1642.00    219.43    219.43      0.00      0.00      0.00      0.00
01:07:26 PM        lo     19.00     19.00      2.24      2.24      0.00      0.00      0.00      0.00
01:07:27 PM        lo      0.00      0.00      0.00      0.00      0.00      0.00      0.00      0.00
01:07:28 PM        lo      0.00      0.00      0.00      0.00      0.00      0.00      0.00      0.00
01:07:29 PM        lo      0.00      0.00      0.00      0.00      0.00      0.00      0.00      0.00
01:07:30 PM        lo   1667.00   1667.00    474.92    474.92      0.00      0.00      0.00      0.00
01:07:31 PM        lo      0.00      0.00      0.00      0.00      0.00      0.00      0.00      0.00
01:07:32 PM        lo      0.00      0.00      0.00      0.00      0.00      0.00      0.00      0.00
01:07:33 PM        lo      0.00      0.00      0.00      0.00      0.00      0.00      0.00      0.00
01:07:34 PM        lo      0.00      0.00      0.00      0.00      0.00      0.00      0.00      0.00
01:07:35 PM        lo   1617.00   1617.00    468.21    468.21      0.00      0.00      0.00      0.00
01:07:36 PM        lo     57.00     57.00      7.06      7.06      0.00      0.00      0.00      0.00
01:07:37 PM        lo      0.00      0.00      0.00      0.00      0.00      0.00      0.00      0.00
01:07:38 PM        lo      0.00      0.00      0.00      0.00      0.00      0.00      0.00      0.00
01:07:39 PM        lo      0.00      0.00      0.00      0.00      0.00      0.00      0.00      0.00
01:07:40 PM        lo   1686.00   1686.00    476.23    476.23      0.00      0.00      0.00      0.00
01:07:41 PM        lo      0.00      0.00      0.00      0.00      0.00      0.00      0.00      0.00
01:07:42 PM        lo      0.00      0.00      0.00      0.00      0.00      0.00      0.00      0.00
01:07:43 PM        lo      0.00      0.00      0.00      0.00      0.00      0.00      0.00      0.00
01:07:44 PM        lo      0.00      0.00      0.00      0.00      0.00      0.00      0.00      0.00
01:07:45 PM        lo   1600.00   1600.00    470.44    470.44      0.00      0.00      0.00      0.00
01:07:46 PM        lo     70.00     70.00      9.69      9.69      0.00      0.00      0.00      0.00
01:07:47 PM        lo      0.00      0.00      0.00      0.00      0.00      0.00      0.00      0.00
01:07:48 PM        lo      0.00      0.00      0.00      0.00      0.00      0.00      0.00      0.00
01:07:49 PM        lo      0.00      0.00      0.00      0.00      0.00      0.00      0.00      0.00
01:07:50 PM        lo   1660.00   1660.00    485.15    485.15      0.00      0.00      0.00      0.00
01:07:51 PM        lo      9.00      9.00      1.22      1.22      0.00      0.00      0.00      0.00
01:07:52 PM        lo      0.00      0.00      0.00      0.00      0.00      0.00      0.00      0.00
01:07:53 PM        lo      0.00      0.00      0.00      0.00      0.00      0.00      0.00      0.00
01:07:54 PM        lo      0.00      0.00      0.00      0.00      0.00      0.00      0.00      0.00
01:07:55 PM        lo   1367.00   1367.00    444.81    444.81      0.00      0.00      0.00      0.00
01:07:56 PM        lo    291.00    291.00     42.01     42.01      0.00      0.00      0.00      0.00
01:07:57 PM        lo      0.00      0.00      0.00      0.00      0.00      0.00      0.00      0.00
01:07:58 PM        lo      0.00      0.00      0.00      0.00      0.00      0.00      0.00      0.00
01:07:59 PM        lo      0.00      0.00      0.00      0.00      0.00      0.00      0.00      0.00
01:08:00 PM        lo   1112.00   1112.00    407.14    407.14      0.00      0.00      0.00      0.00
01:08:01 PM        lo    550.00    550.00     79.54     79.54      0.00      0.00      0.00      0.00
01:08:02 PM        lo      0.00      0.00      0.00      0.00      0.00      0.00      0.00      0.00
01:08:03 PM        lo      0.00      0.00      0.00      0.00      0.00      0.00      0.00      0.00
01:08:04 PM        lo      0.00      0.00      0.00      0.00      0.00      0.00      0.00      0.00
01:08:05 PM        lo     63.00     63.00    263.91    263.91      0.00      0.00      0.00      0.00
01:08:06 PM        lo   1613.00   1613.00    224.44    224.44      0.00      0.00      0.00      0.00
01:08:07 PM        lo      0.00      0.00      0.00      0.00      0.00      0.00      0.00      0.00
01:08:08 PM        lo      0.00      0.00      0.00      0.00      0.00      0.00      0.00      0.00
01:08:09 PM        lo      0.00      0.00      0.00      0.00      0.00      0.00      0.00      0.00
01:08:10 PM        lo     49.00     49.00    261.97    261.97      0.00      0.00      0.00      0.00
01:08:11 PM        lo   1633.00   1633.00    226.71    226.71      0.00      0.00      0.00      0.00
01:08:12 PM        lo      0.00      0.00      0.00      0.00      0.00      0.00      0.00      0.00
01:08:13 PM        lo      0.00      0.00      0.00      0.00      0.00      0.00      0.00      0.00
01:08:14 PM        lo      0.00      0.00      0.00      0.00      0.00      0.00      0.00      0.00
01:08:15 PM        lo     36.00     36.00    260.82    260.82      0.00      0.00      0.00      0.00
01:08:16 PM        lo   1620.00   1620.00    227.56    227.56      0.00      0.00      0.00      0.00
01:08:17 PM        lo     11.00     11.00      1.32      1.32      0.00      0.00      0.00      0.00
01:08:18 PM        lo      0.00      0.00      0.00      0.00      0.00      0.00      0.00      0.00
01:08:19 PM        lo      0.00      0.00      0.00      0.00      0.00      0.00      0.00      0.00
01:08:20 PM        lo      0.00      0.00      0.00      0.00      0.00      0.00      0.00      0.00
01:08:21 PM        lo   1668.00   1668.00    488.22    488.22      0.00      0.00      0.00      0.00
01:08:22 PM        lo     30.00     30.00      4.01      4.01      0.00      0.00      0.00      0.00
01:08:23 PM        lo      0.00      0.00      0.00      0.00      0.00      0.00      0.00      0.00
01:08:24 PM        lo      0.00      0.00      0.00      0.00      0.00      0.00      0.00      0.00
01:08:25 PM        lo      0.00      0.00      0.00      0.00      0.00      0.00      0.00      0.00
01:08:26 PM        lo   1660.00   1660.00    489.61    489.61      0.00      0.00      0.00      0.00
01:08:27 PM        lo      0.00      0.00      0.00      0.00      0.00      0.00      0.00      0.00
01:08:28 PM        lo      0.00      0.00      0.00      0.00      0.00      0.00      0.00      0.00
01:08:29 PM        lo      0.00      0.00      0.00      0.00      0.00      0.00      0.00      0.00
01:08:30 PM        lo      0.00      0.00      0.00      0.00      0.00      0.00      0.00      0.00
01:08:31 PM        lo   1615.00   1615.00    482.14    482.14      0.00      0.00      0.00      0.00
01:08:32 PM        lo     63.00     63.00      8.94      8.94      0.00      0.00      0.00      0.00
01:08:33 PM        lo      0.00      0.00      0.00      0.00      0.00      0.00      0.00      0.00
01:08:34 PM        lo      0.00      0.00      0.00      0.00      0.00      0.00      0.00      0.00
01:08:35 PM        lo      0.00      0.00      0.00      0.00      0.00      0.00      0.00      0.00
01:08:36 PM        lo   1382.00   1382.00    450.38    450.38      0.00      0.00      0.00      0.00
01:08:37 PM        lo    277.00    277.00     40.10     40.10      0.00      0.00      0.00      0.00
01:08:38 PM        lo      0.00      0.00      0.00      0.00      0.00      0.00      0.00      0.00
01:08:39 PM        lo      0.00      0.00      0.00      0.00      0.00      0.00      0.00      0.00
01:08:40 PM        lo      0.00      0.00      0.00      0.00      0.00      0.00      0.00      0.00
01:08:41 PM        lo   1342.00   1342.00    440.46    440.46      0.00      0.00      0.00      0.00
01:08:42 PM        lo    352.00    352.00     51.51     51.51      0.00      0.00      0.00      0.00
01:08:43 PM        lo      0.00      0.00      0.00      0.00      0.00      0.00      0.00      0.00
01:08:44 PM        lo      0.00      0.00      0.00      0.00      0.00      0.00      0.00      0.00
01:08:45 PM        lo      8.00      8.00      0.51      0.51      0.00      0.00      0.00      0.00
01:08:46 PM        lo     63.00     63.00    265.10    265.10      0.00      0.00      0.00      0.00
01:08:47 PM        lo   1617.00   1617.00    225.34    225.34      0.00      0.00      0.00      0.00
01:08:48 PM        lo      0.00      0.00      0.00      0.00      0.00      0.00      0.00      0.00
01:08:49 PM        lo      0.00      0.00      0.00      0.00      0.00      0.00      0.00      0.00
01:08:50 PM        lo      0.00      0.00      0.00      0.00      0.00      0.00      0.00      0.00
01:08:51 PM        lo    383.00    383.00    309.93    309.93      0.00      0.00      0.00      0.00
01:08:52 PM        lo   1277.00   1277.00    180.01    180.01      0.00      0.00      0.00      0.00
01:08:53 PM        lo      0.00      0.00      0.00      0.00      0.00      0.00      0.00      0.00
01:08:54 PM        lo      0.00      0.00      0.00      0.00      0.00      0.00      0.00      0.00
01:08:55 PM        lo      0.00      0.00      0.00      0.00      0.00      0.00      0.00      0.00
01:08:56 PM        lo      0.00      0.00      0.00      0.00      0.00      0.00      0.00      0.00
01:08:57 PM        lo   1671.00   1671.00    490.02    490.02      0.00      0.00      0.00      0.00
01:08:58 PM        lo      0.00      0.00      0.00      0.00      0.00      0.00      0.00      0.00
01:08:59 PM        lo      0.00      0.00      0.00      0.00      0.00      0.00      0.00      0.00
01:09:00 PM        lo      0.00      0.00      0.00      0.00      0.00      0.00      0.00      0.00
01:09:01 PM        lo      0.00      0.00      0.00      0.00      0.00      0.00      0.00      0.00
01:09:02 PM        lo   1661.00   1661.00    488.42    488.42      0.00      0.00      0.00      0.00
01:09:03 PM        lo     21.00     21.00      2.21      2.21      0.00      0.00      0.00      0.00
01:09:04 PM        lo      0.00      0.00      0.00      0.00      0.00      0.00      0.00      0.00
01:09:05 PM        lo      0.00      0.00      0.00      0.00      0.00      0.00      0.00      0.00
01:09:06 PM        lo      0.00      0.00      0.00      0.00      0.00      0.00      0.00      0.00
01:09:07 PM        lo   1656.00   1656.00    489.04    489.04      0.00      0.00      0.00      0.00
01:09:08 PM        lo     11.00     11.00      1.52      1.52      0.00      0.00      0.00      0.00
01:09:09 PM        lo      0.00      0.00      0.00      0.00      0.00      0.00      0.00      0.00
01:09:10 PM        lo      0.00      0.00      0.00      0.00      0.00      0.00      0.00      0.00
01:09:11 PM        lo      0.00      0.00      0.00      0.00      0.00      0.00      0.00      0.00
01:09:12 PM        lo   1606.93   1606.93    478.20    478.20      0.00      0.00      0.00      0.00
01:09:13 PM        lo     59.00     59.00      8.16      8.16      0.00      0.00      0.00      0.00
01:09:14 PM        lo      0.00      0.00      0.00      0.00      0.00      0.00      0.00      0.00
01:09:15 PM        lo      0.00      0.00      0.00      0.00      0.00      0.00      0.00      0.00
01:09:16 PM        lo      0.00      0.00      0.00      0.00      0.00      0.00      0.00      0.00
01:09:17 PM        lo   1272.00   1272.00    432.67    432.67      0.00      0.00      0.00      0.00
01:09:18 PM        lo    389.00    389.00     56.89     56.89      0.00      0.00      0.00      0.00
01:09:19 PM        lo      0.00      0.00      0.00      0.00      0.00      0.00      0.00      0.00
01:09:20 PM        lo      0.00      0.00      0.00      0.00      0.00      0.00      0.00      0.00
01:09:21 PM        lo      0.00      0.00      0.00      0.00      0.00      0.00      0.00      0.00
01:09:22 PM        lo    319.00    319.00    300.56    300.56      0.00      0.00      0.00      0.00
01:09:23 PM        lo   1355.00   1355.00    189.94    189.94      0.00      0.00      0.00      0.00
01:09:24 PM        lo      0.00      0.00      0.00      0.00      0.00      0.00      0.00      0.00
01:09:25 PM        lo      0.00      0.00      0.00      0.00      0.00      0.00      0.00      0.00
01:09:26 PM        lo      0.00      0.00      0.00      0.00      0.00      0.00      0.00      0.00
01:09:27 PM        lo     42.00     42.00    263.26    263.26      0.00      0.00      0.00      0.00
01:09:28 PM        lo   1580.00   1580.00    222.40    222.40      0.00      0.00      0.00      0.00
01:09:29 PM        lo     35.00     35.00      4.84      4.84      0.00      0.00      0.00      0.00
01:09:30 PM        lo      0.00      0.00      0.00      0.00      0.00      0.00      0.00      0.00
01:09:31 PM        lo      0.00      0.00      0.00      0.00      0.00      0.00      0.00      0.00
01:09:32 PM        lo     55.00     55.00    264.92    264.92      0.00      0.00      0.00      0.00
01:09:33 PM        lo   1593.00   1593.00    223.15    223.15      0.00      0.00      0.00      0.00
01:09:34 PM        lo     26.00     26.00      3.23      3.23      0.00      0.00      0.00      0.00
01:09:35 PM        lo      0.00      0.00      0.00      0.00      0.00      0.00      0.00      0.00
01:09:36 PM        lo      0.00      0.00      0.00      0.00      0.00      0.00      0.00      0.00
01:09:37 PM        lo      0.00      0.00      0.00      0.00      0.00      0.00      0.00      0.00
01:09:38 PM        lo   1649.00   1649.00    489.56    489.56      0.00      0.00      0.00      0.00
01:09:39 PM        lo     13.00     13.00      1.62      1.62      0.00      0.00      0.00      0.00
01:09:40 PM        lo      0.00      0.00      0.00      0.00      0.00      0.00      0.00      0.00
01:09:41 PM        lo      0.00      0.00      0.00      0.00      0.00      0.00      0.00      0.00
01:09:42 PM        lo      0.00      0.00      0.00      0.00      0.00      0.00      0.00      0.00
01:09:43 PM        lo   1628.00   1628.00    486.44    486.44      0.00      0.00      0.00      0.00
01:09:44 PM        lo     37.00     37.00      5.32      5.32      0.00      0.00      0.00      0.00
01:09:45 PM        lo      0.00      0.00      0.00      0.00      0.00      0.00      0.00      0.00
01:09:46 PM        lo      0.00      0.00      0.00      0.00      0.00      0.00      0.00      0.00
01:09:47 PM        lo      0.00      0.00      0.00      0.00      0.00      0.00      0.00      0.00
01:09:48 PM        lo   1361.00   1361.00    445.62    445.62      0.00      0.00      0.00      0.00
01:09:49 PM        lo    191.00    191.00     27.82     27.82      0.00      0.00      0.00      0.00
01:09:50 PM        lo      0.00      0.00      0.00      0.00      0.00      0.00      0.00      0.00
01:09:51 PM        lo      0.00      0.00      0.00      0.00      0.00      0.00      0.00      0.00
01:09:52 PM        lo      0.00      0.00      0.00      0.00      0.00      0.00      0.00      0.00
01:09:53 PM        lo     19.00     19.00    259.31    259.31      0.00      0.00      0.00      0.00
01:09:54 PM        lo      0.00      0.00      0.00      0.00      0.00      0.00      0.00      0.00
01:09:55 PM        lo     19.00     19.00      1.78      1.78      0.00      0.00      0.00      0.00
01:09:56 PM        lo      0.00      0.00      0.00      0.00      0.00      0.00      0.00      0.00
01:09:57 PM        lo      0.00      0.00      0.00      0.00      0.00      0.00      0.00      0.00
01:09:58 PM        lo      0.00      0.00      0.00      0.00      0.00      0.00      0.00      0.00
01:09:59 PM        lo      0.00      0.00      0.00      0.00      0.00      0.00      0.00      0.00
01:10:00 PM        lo      0.00      0.00      0.00      0.00      0.00      0.00      0.00      0.00
01:10:01 PM        lo      0.00      0.00      0.00      0.00      0.00      0.00      0.00      0.00
01:10:02 PM        lo      0.00      0.00      0.00      0.00      0.00      0.00      0.00      0.00
01:10:03 PM        lo      0.00      0.00      0.00      0.00      0.00      0.00      0.00      0.00
01:10:04 PM        lo      0.00      0.00      0.00      0.00      0.00      0.00      0.00      0.00
01:10:05 PM        lo      0.00      0.00      0.00      0.00      0.00      0.00      0.00      0.00
01:10:06 PM        lo      0.00      0.00      0.00      0.00      0.00      0.00      0.00      0.00
01:10:07 PM        lo      0.00      0.00      0.00      0.00      0.00      0.00      0.00      0.00
01:10:08 PM        lo      0.00      0.00      0.00      0.00      0.00      0.00      0.00      0.00
01:10:09 PM        lo      0.00      0.00      0.00      0.00      0.00      0.00      0.00      0.00
01:10:10 PM        lo      0.00      0.00      0.00      0.00      0.00      0.00      0.00      0.00
01:10:11 PM        lo      0.00      0.00      0.00      0.00      0.00      0.00      0.00      0.00
01:10:12 PM        lo      0.00      0.00      0.00      0.00      0.00      0.00      0.00      0.00
01:10:13 PM        lo      0.00      0.00      0.00      0.00      0.00      0.00      0.00      0.00
01:10:14 PM        lo      0.00      0.00      0.00      0.00      0.00      0.00      0.00      0.00
01:10:15 PM        lo      0.00      0.00      0.00      0.00      0.00      0.00      0.00      0.00
Average:           lo    270.68    270.68     81.41     81.41      0.00      0.00      0.00      0.00
