Linux 4.4.0-142-generic (node0.g16-a2.cs744-s19-pg0.wisc.cloudlab.us) 	04/19/2019 	_x86_64_	(40 CPU)

12:12:50 PM kbmemfree kbmemused  %memused kbbuffers  kbcached  kbcommit   %commit  kbactive   kbinact   kbdirty
12:12:51 PM 182708920  13844052      7.04    155536   3199884  20016192     10.02  10158348   2586884         8
12:12:52 PM 182708972  13844000      7.04    155536   3199884  20016192     10.02  10158348   2586884         8
12:12:53 PM 182708464  13844508      7.04    155544   3199880  20016192     10.02  10158708   2586884        12
12:12:54 PM 182708588  13844384      7.04    155544   3199888  20016192     10.02  10158784   2586884        44
12:12:55 PM 182708900  13844072      7.04    155544   3199888  20016192     10.02  10158784   2586884        44
12:12:56 PM 182704060  13848912      7.05    155544   3199888  20016192     10.02  10160296   2586884        44
12:12:57 PM 182698460  13854512      7.05    155544   3199892  20016192     10.02  10160428   2586884        60
12:12:58 PM 182477132  14075840      7.16    155552   3199936  24264916     12.15  10374880   2586888        72
12:12:59 PM 182567880  13985092      7.12    155552   3199920  21537100     10.78  10279852   2586884        96
12:13:00 PM 182554232  13998740      7.12    155552   3199892  21556480     10.79  10295672   2586876       100
12:13:01 PM 182409600  14143372      7.20    155552   3199892  21720716     10.88  10448288   2586876       100
12:13:02 PM 182501548  14051424      7.15    155552   3199896  21638796     10.84  10361536   2586880       108
12:13:03 PM 182431612  14121360      7.18    155560   3199888  21724132     10.88  10432152   2586880       108
12:13:04 PM 182510764  14042208      7.14    155560   3199896  21724132     10.88  10352092   2586880         8
12:13:05 PM 182300220  14252752      7.25    155560   3201400  21866992     10.95  10547804   2587888      1516
12:13:06 PM 181929984  14622988      7.44    155560   3201276  22580092     11.31  10914704   2588228      1392
12:13:07 PM 181115568  15437404      7.85    155560   3201276  23646180     11.84  11727556   2588244      1392
12:13:08 PM 181134680  15418292      7.84    155564   3201272  23077320     11.56  11703364   2588244         0
12:13:09 PM 181156164  15396808      7.83    155564   3201276  22966096     11.50  11685464   2588240        56
12:13:10 PM 181682260  14870712      7.57    155564   3201276  22477832     11.26  11153092   2588244        60
12:13:11 PM 181806964  14746008      7.50    155564   3201276  22318448     11.18  11034080   2588244        60
12:13:12 PM 181657820  14895152      7.58    155868   3751808  21900520     10.97  10622012   3137996    550136
12:13:13 PM 181748380  14804592      7.53    156032   3440952  22194264     11.11  10797540   2827644    566044
12:13:14 PM 180115208  16437764      8.36    156032   3440452  23680128     11.86  12405200   2827412    240920
12:13:15 PM 180845160  15707812      7.99    156044   3440440  23022552     11.53  11745600   2827412       796
12:13:16 PM 181441172  15111800      7.69    156044   3440452  22422192     11.23  11146500   2827412       832
12:13:17 PM 181448084  15104888      7.68    156044   3440452  22422192     11.23  11143424   2827412       832
12:13:18 PM 181845368  14707604      7.48    156044   3440452  22212776     11.12  10746200   2827412       832
12:13:19 PM 180277832  16275140      8.28    156052   3440700  23706836     11.87  12314020   2827652       836
12:13:20 PM 180634892  15918080      8.10    156052   3440700  23230428     11.63  11957104   2827652       836
12:13:21 PM 181399912  15153060      7.71    156052   3440700  22459828     11.25  11190880   2827652       836
12:13:22 PM 181414452  15138520      7.70    156052   3440700  22422192     11.23  11176816   2827652       836
12:13:23 PM 181921828  14631144      7.44    156052   3440700  22491316     11.26  10675452   2827652       836
12:13:24 PM 181150984  15401988      7.84    156056   3440952  23812364     11.92  11435716   2827896       836
12:13:25 PM 180638984  15913988      8.10    156056   3440952  23230428     11.63  11949976   2827896       836
12:13:26 PM 180839428  15713544      7.99    156056   3440956  23112524     11.57  11750936   2827896       840
12:13:27 PM 181382720  15170252      7.72    156056   3440956  22422192     11.23  11211116   2827896       840
12:13:28 PM 181302872  15250100      7.76    156056   3440956  22851776     11.44  11293824   2827896       840
12:13:29 PM 181052704  15500268      7.89    156060   3441204  23331828     11.68  11538724   2828136       832
12:13:30 PM 180597480  15955492      8.12    156060   3441204  23230428     11.63  11994052   2828136       836
12:13:31 PM 181028784  15524188      7.90    156060   3441204  22755648     11.39  11561348   2828136       836
12:13:32 PM 181341932  15211040      7.74    156060   3441204  22450992     11.24  11250592   2828136       836
12:13:33 PM 181596608  14956364      7.61    156060   3441204  22278864     11.16  10997088   2828136       836
12:13:34 PM 179306460  17246512      8.77    156064   3441456  26216544     13.13  13280580   2828384      1096
12:13:35 PM 180629500  15923472      8.10    156064   3441456  23135868     11.59  11962476   2828380      1096
12:13:36 PM 180119804  16433168      8.36    156064   3441456  23662856     11.85  12465916   2828380      1096
12:13:37 PM 181205364  15347608      7.81    156064   3441456  22539484     11.29  11382648   2828380      1096
12:13:38 PM 181490116  15062856      7.66    156064   3441464  22329040     11.18  11105108   2828384      1108
12:13:39 PM 179840848  16712124      8.50    156068   3441716  26266720     13.15  12752112   2828616      1092
12:13:40 PM 180721208  15831764      8.05    156068   3441716  23186044     11.61  11871100   2828616      1096
12:13:41 PM 180207400  16345572      8.32    156068   3441716  23597316     11.82  12383124   2828616      1096
12:13:42 PM 181391524  15161448      7.71    156068   3441716  22415444     11.22  11200068   2828632      1096
12:13:43 PM 181556124  14996848      7.63    156068   3441716  22329040     11.18  11037592   2828632      1096
12:13:44 PM 179967392  16585580      8.44    156076   3441968  26266720     13.15  12624844   2828884       264
12:13:45 PM 180763648  15789324      8.03    156076   3441968  23223680     11.63  11828076   2828884       276
12:13:46 PM 180861808  15691164      7.98    156076   3441968  22958316     11.50  11728332   2828876       276
12:13:47 PM 181387224  15165748      7.72    156076   3441968  22415444     11.22  11203692   2828876       276
12:13:48 PM 181481068  15071904      7.67    156076   3441968  22329040     11.18  11115184   2828876       276
12:13:49 PM 181093968  15459004      7.87    156084   3441968  26266720     13.15  11498476   2828876        24
12:13:50 PM 180642980  15909992      8.09    156084   3442220  23224640     11.63  11948408   2829120       292
12:13:51 PM 180780004  15772968      8.02    156084   3442220  23033588     11.53  11811700   2829120       292
12:13:52 PM 181428960  15124012      7.69    156084   3442220  22415444     11.22  11163092   2829120       292
12:13:53 PM 181418856  15134116      7.70    156084   3442220  22415444     11.22  11170372   2829120       292
12:13:54 PM 181752056  14800916      7.53    156088   3442216  22206028     11.12  10835984   2829120       296
12:13:55 PM 180866504  15686468      7.98    156088   3442472  23093488     11.56  11724508   2829368       288
12:13:56 PM 180837536  15715436      8.00    156088   3442476  22995952     11.52  11751272   2829368       292
12:13:57 PM 181335384  15217588      7.74    156088   3442476  22453080     11.24  11253180   2829368       292
12:13:58 PM 181361504  15191468      7.73    156088   3442476  22415444     11.22  11231072   2829364       292
12:13:59 PM 181902536  14650436      7.45    156092   3442472  22206028     11.12  10685636   2829364       260
12:14:00 PM 180217708  16335264      8.31    156092   3442728  23700088     11.87  12377820   2829608       264
12:14:01 PM 180690872  15862100      8.07    156092   3442728  23122680     11.58  11904248   2829608       268
12:14:02 PM 181311216  15241756      7.75    156092   3442728  22501848     11.27  11274852   2829608       268
12:14:03 PM 181395320  15157652      7.71    156092   3442732  22415444     11.22  11194540   2829608       272
12:14:04 PM 181700504  14852468      7.56    156100   3442732  22566488     11.30  10889216   2829608        28
12:14:05 PM 180863908  15689064      7.98    156100   3442984  23700088     11.87  11725476   2829852       292
12:14:06 PM 180653240  15899732      8.09    156100   3442984  23186044     11.61  11935544   2829856       296
12:14:07 PM 181393592  15159380      7.71    156100   3442984  22419156     11.23  11194676   2829856       296
12:14:08 PM 181389400  15163572      7.71    156100   3442984  22419156     11.23  11196280   2829856       296
12:14:09 PM 181265732  15287240      7.78    156108   3442984  22848740     11.44  11327816   2829856        20
12:14:10 PM 181085728  15467244      7.87    156108   3443236  23703800     11.87  11505564   2830104       284
12:14:11 PM 180644316  15908656      8.09    156108   3443236  23189756     11.61  11946264   2830104       288
12:14:12 PM 180700764  15852208      8.07    156108   3443236  23095792     11.57  11890336   2830104       288
12:14:13 PM 181365188  15187784      7.73    156108   3443236  22419156     11.23  11227384   2830104       288
12:14:14 PM 181476212  15076760      7.67    156116   3443232  22332752     11.18  11118156   2830104       248
12:14:15 PM 179600012  16952960      8.63    156116   3443488  26270432     13.16  12984368   2830352       296
12:14:16 PM 180559876  15993096      8.14    156116   3443488  23227392     11.63  12026420   2830352       300
12:14:17 PM 180498820  16054152      8.17    156116   3443488  23256948     11.65  12089640   2830352       300
12:14:18 PM 181345148  15207824      7.74    156116   3443488  22419156     11.23  11246520   2830340       300
12:14:19 PM 181433652  15119320      7.69    156124   3443480  22332752     11.18  11160408   2830340       300
12:14:20 PM 179620652  16932320      8.61    156124   3443744  26270432     13.16  12966120   2830584       264
12:14:21 PM 180597872  15955100      8.12    156124   3443744  23189756     11.61  11994864   2830588       272
12:14:22 PM 180431284  16121688      8.20    156124   3443744  23322488     11.68  12162600   2830588       272
12:14:23 PM 181355192  15197780      7.73    156124   3443744  22419156     11.23  11232204   2830588       272
12:14:24 PM 181446604  15106368      7.69    156124   3443744  22332752     11.18  11148780   2830588       272
12:14:25 PM 179283288  17269684      8.79    156128   3443996  26270432     13.16  13304992   2830832       256
12:14:26 PM 180614692  15938280      8.11    156128   3443996  23189756     11.61  11979180   2830832       268
12:14:27 PM 180234112  16318860      8.30    156128   3443996  23535488     11.79  12358776   2830832       268
12:14:28 PM 181239592  15313380      7.79    156128   3443996  22505560     11.27  11349264   2830832       268
12:14:29 PM 181406168  15146804      7.71    156128   3443996  22332752     11.18  11186940   2830832       268
12:14:30 PM 179411244  17141728      8.72    156136   3444256  26278628     13.16  13175536   2831084       264
12:14:31 PM 180534704  16018268      8.15    156136   3444256  23235588     11.64  12052800   2831084       272
12:14:32 PM 180391780  16161192      8.22    156136   3444256  23330684     11.68  12193552   2831084       272
12:14:33 PM 181182524  15370448      7.82    156136   3444256  22543196     11.29  11399548   2831080       272
12:14:34 PM 181406284  15146688      7.71    156136   3444256  22332752     11.18  11181484   2831080       272
12:14:35 PM 179806592  16746380      8.52    156140   3444512  26270432     13.16  12786712   2831332       260
12:14:36 PM 180703068  15849904      8.06    156140   3444512  23126392     11.58  11889088   2831328       268
12:14:37 PM 180285824  16267148      8.28    156140   3444512  23535488     11.79  12305228   2831328       272
12:14:38 PM 181388052  15164920      7.72    156140   3444512  22419156     11.23  11200820   2831328       272
12:14:39 PM 181486784  15066188      7.67    156140   3444516  22332752     11.18  11105952   2831328       276
12:14:40 PM 180221812  16331160      8.31    156144   3444768  26270432     13.16  12370080   2831548       256
12:14:41 PM 180638972  15914000      8.10    156144   3444768  23127032     11.58  11953464   2831572       264
12:14:42 PM 180080540  16472432      8.38    156144   3444768  23704204     11.87  12512924   2831572       268
12:14:43 PM 181263172  15289800      7.78    156144   3444768  22419156     11.23  11323320   2831572       268
12:14:44 PM 181441936  15111036      7.69    156144   3444768  22332752     11.18  11146988   2831572       268
12:14:45 PM 180658444  15894528      8.09    156152   3445024  26270432     13.16  11932516   2831788       284
12:14:46 PM 180608812  15944160      8.11    156152   3445024  23190716     11.61  11978792   2831824       296
12:14:47 PM 180535224  16017748      8.15    156152   3445024  23638664     11.84  12057860   2831824       296
12:14:48 PM 181313460  15239512      7.75    156152   3445024  22419156     11.23  11272260   2831820       296
12:14:49 PM 181499060  15053912      7.66    156152   3445024  22332752     11.18  11089276   2831820       304
12:14:50 PM 180883260  15669712      7.97    156160   3445024  26269228     13.15  11707428   2831820        36
12:14:51 PM 180591128  15961844      8.12    156160   3445280  23229556     11.63  11994596   2832068       304
12:14:52 PM 180760532  15792440      8.03    156160   3445280  23038504     11.54  11829580   2832068       304
12:14:53 PM 181357804  15195168      7.73    156160   3445280  22420360     11.23  11224728   2832068       304
12:14:54 PM 181497684  15055288      7.66    156160   3445280  22333956     11.18  11095048   2832068       304
12:14:55 PM 181630096  14922876      7.59    156164   3445276  22210944     11.12  10958940   2832068       304
12:14:56 PM 180473508  16079464      8.18    156164   3445536  23416400     11.73  12115512   2832320       296
12:14:57 PM 180716212  15836760      8.06    156164   3445536  23038504     11.54  11870312   2832320       296
12:14:58 PM 181318712  15234260      7.75    156164   3445536  22419156     11.23  11267772   2832320       296
12:14:59 PM 181530392  15022580      7.64    156164   3445536  22332752     11.18  11059420   2832320       296
12:15:00 PM 181622964  14930008      7.60    156168   3445532  26262236     13.15  10962568   2832320       296
12:15:01 PM 180702908  15850064      8.06    156168   3445792  23204892     11.62  11883084   2832564       292
12:15:02 PM 180813740  15739232      8.01    156168   3445792  23029284     11.53  11771492   2832564       300
12:15:03 PM 181425832  15127140      7.70    156168   3445796  22410960     11.22  11162600   2832564       304
12:15:04 PM 181582552  14970420      7.62    156168   3445796  22324556     11.18  11004804   2832564       304
12:15:05 PM 181336480  15216492      7.74    156172   3445792  26270432     13.16  11256948   2832564         0
12:15:06 PM 180690224  15862748      8.07    156172   3446052  23242680     11.64  11901004   2832812        72
12:15:07 PM 180864144  15688828      7.98    156172   3446052  22999664     11.52  11721772   2832812        72
12:15:08 PM 181400128  15152844      7.71    156172   3446052  22419156     11.23  11189200   2832812        72
12:15:09 PM 181488384  15064588      7.66    156172   3446052  22332752     11.18  11103468   2832812        72
12:15:10 PM 181532708  15020264      7.64    156180   3446044  26273468     13.16  11059072   2832812         0
12:15:11 PM 180824140  15728832      8.00    156180   3446308  23193752     11.61  11769556   2833056         8
12:15:12 PM 180844792  15708180      7.99    156180   3446308  23002700     11.52  11744744   2833056        12
12:15:13 PM 181406876  15146096      7.71    156180   3446308  22422192     11.23  11179132   2833056        12
12:15:14 PM 181502668  15050304      7.66    156180   3446308  22335788     11.18  11087324   2833056        12
12:15:15 PM 181618640  14934332      7.60    156188   3446300  22213268     11.12  10967648   2833056        12
12:15:16 PM 180872136  15680836      7.98    156188   3446564  23194244     11.61  11716552   2833304         8
12:15:17 PM 180859144  15693828      7.98    156188   3446564  22965556     11.50  11725664   2833304        16
12:15:18 PM 181397592  15155380      7.71    156188   3446564  22422684     11.23  11191376   2833304        16
12:15:19 PM 181511364  15041608      7.65    156188   3446564  22336280     11.18  11075852   2833304        16
12:15:20 PM 181426240  15126732      7.70    156196   3446556  26273960     13.16  11163772   2833304        16
12:15:21 PM 180691884  15861088      8.07    156196   3446824  23231388     11.63  11895968   2833552         0
12:15:22 PM 180799328  15753644      8.01    156196   3446824  23040336     11.54  11785924   2833552        12
12:15:23 PM 181448444  15104528      7.68    156196   3446824  22444244     11.24  11132844   2833552        12
12:15:24 PM 181628956  14924016      7.59    156196   3446824  22272116     11.15  10959804   2833552        12
12:15:25 PM 181771512  14781460      7.52    156200   3446820  22149104     11.09  10814936   2833552        12
12:15:26 PM 180975440  15577532      7.93    156200   3447084  22956908     11.50  11610392   2833808        32
12:15:27 PM 180887676  15665296      7.97    156200   3447084  23008500     11.52  11699752   2833808        12
12:15:28 PM 181431252  15121720      7.69    156200   3447084  22451832     11.24  11155656   2833808        12
12:15:29 PM 181433132  15119840      7.69    156200   3447084  22414196     11.22  11156464   2833808        12
12:15:30 PM 181820868  14732104      7.50    156204   3447080  22204780     11.12  10762408   2833808        12
12:15:31 PM 180230460  16322512      8.30    156204   3447340  23698840     11.87  12358164   2834052        44
12:15:32 PM 180868464  15684508      7.98    156204   3447340  23032340     11.53  11716332   2834052        12
12:15:33 PM 181425956  15127016      7.70    156204   3447340  22414196     11.22  11153004   2834052        12
12:15:34 PM 181432776  15120196      7.69    156204   3447340  22414196     11.22  11148832   2834052        12
12:15:35 PM 181724508  14828464      7.54    156212   3447332  22204780     11.12  10863728   2834052        12
12:15:36 PM 180264704  16288268      8.29    156212   3447596  23715032     11.88  12324084   2834300        32
12:15:37 PM 180834468  15718504      8.00    156212   3447596  23010896     11.52  11747096   2834300         8
12:15:38 PM 181415012  15137960      7.70    156212   3447596  22468024     11.25  11170276   2834300        12
12:15:39 PM 181455380  15097592      7.68    156212   3447596  22430388     11.23  11128648   2834300        12
12:15:40 PM 181911364  14641608      7.45    156216   3447592  22220972     11.13  10672420   2834300        12
12:15:41 PM 180235648  16317324      8.30    156216   3447852  23715032     11.88  12351960   2834548        32
12:15:42 PM 180665200  15887772      8.08    156216   3447852  23238624     11.64  11923080   2834548         4
12:15:43 PM 181265012  15287960      7.78    156216   3447852  22628672     11.33  11321188   2834548        12
12:15:44 PM 181439996  15112976      7.69    156216   3447852  22430388     11.23  11146372   2834548        12
12:15:45 PM 181963780  14589192      7.42    156224   3447844  22220972     11.13  10623372   2834548        12
12:15:46 PM 179880312  16672660      8.48    156224   3448108  26281664     13.16  12708868   2834796        32
12:15:47 PM 180670820  15882152      8.08    156224   3448108  23231388     11.63  11915628   2834796         0
12:15:48 PM 180633180  15919792      8.10    156224   3448108  23531876     11.78  11952740   2834796        12
12:15:49 PM 181437536  15115436      7.69    156224   3448108  22422192     11.23  11147604   2834756        12
12:15:50 PM 181586712  14966260      7.61    156224   3448108  22335788     11.18  11001564   2834800        12
12:15:51 PM 181593172  14959800      7.61    156232   3843632  21917860     10.98  10588328   3229688    395540
12:15:52 PM 181996628  14556344      7.41    156232   3448212  21917860     10.98  10588064   2835480    606528
12:15:53 PM 182376332  14176640      7.21    156232   3448364  21512684     10.77  10210276   2835040    606168
12:15:54 PM 182316736  14236236      7.24    156232   3448368  21570696     10.80  10280760   2825968    606180
12:15:55 PM 182309900  14243072      7.25    156232   3448372  21570696     10.80  10290004   2825812    606184
12:15:56 PM 182229344  14323628      7.29    156232   3448372  21570696     10.80  10289976   2825816    173060
12:15:57 PM 182310876  14242096      7.25    156244   3448360  21570696     10.80  10289976   2825816      1612
12:15:58 PM 182312004  14240968      7.25    156244   3448372  21570696     10.80  10289992   2825816       888
12:15:59 PM 182452568  14100404      7.17    156244   3448372  20145868     10.09  10151716   2825816       888
12:16:00 PM 182453692  14099280      7.17    156244   3448368  20145868     10.09  10150688   2825804       888
12:16:01 PM 182455180  14097792      7.17    156248   3448368  20145868     10.09  10150688   2825804       892
12:16:02 PM 182456956  14096016      7.17    156248   3448368  20145868     10.09  10150288   2825804       892


Average:    181230273  15322699      7.80    156074   3421479  22861999     11.45  11383912   2807872     22977
