12:52:13 PM      eno1    188.00      4.00     11.04      0.51      0.00      0.00      0.00      0.01
12:52:14 PM      eno1    203.00      2.00     11.89      1.00      0.00      0.00     30.00      0.01
12:52:15 PM      eno1    202.00      4.00     11.84      0.94      0.00      0.00      0.00      0.01
12:52:16 PM      eno1    203.00      6.00     11.89      2.44      0.00      0.00     26.00      0.01
12:52:17 PM      eno1    188.00      2.00     11.02      1.04      0.00      0.00      0.00      0.01
12:52:18 PM      eno1    172.00      3.00     10.08      0.87      0.00      0.00     25.00      0.01
12:52:19 PM      eno1    181.00      0.00     10.61      0.00      0.00      0.00      0.00      0.01
12:52:20 PM      eno1    168.00      2.00      9.84      0.50      0.00      0.00     26.00      0.01
12:52:21 PM      eno1    187.00      0.00     10.96      0.00      0.00      0.00      0.00      0.01
12:52:22 PM      eno1    196.00      0.00     11.48      0.00      0.00      0.00     28.00      0.01
12:52:23 PM      eno1    186.00      0.00     10.90      0.00      0.00      0.00      0.00      0.01
12:52:24 PM      eno1    185.00      5.00     11.52      1.29      0.00      0.00     24.00      0.01
12:52:25 PM      eno1    160.00      4.00      9.68      1.20      0.00      0.00      0.00      0.01
12:52:26 PM      eno1    175.00      3.00     10.39      0.29      0.00      0.00     28.00      0.01
12:52:27 PM      eno1    180.00      2.00     10.62      0.13      0.00      0.00      0.00      0.01
12:52:28 PM      eno1    166.00      0.00      9.73      0.00      0.00      0.00     24.00      0.01
12:52:29 PM      eno1    163.00      0.00      9.55      0.00      0.00      0.00      0.00      0.01
12:52:30 PM      eno1    142.00      1.00      8.32      0.17      0.00      0.00     24.00      0.01
12:52:31 PM      eno1    149.00      0.00      8.73      0.00      0.00      0.00      0.00      0.01
12:52:32 PM      eno1    163.00      0.00      9.55      0.00      0.00      0.00     26.00      0.01
12:52:33 PM      eno1    166.00      1.00      9.73      0.06      0.00      0.00      0.00      0.01
12:52:34 PM      eno1    195.00      1.00     11.43      0.17      0.00      0.00     25.00      0.01
12:52:35 PM      eno1    176.00      0.00     10.31      0.00      0.00      0.00      0.00      0.01
12:52:36 PM      eno1    173.00      0.00     10.14      0.00      0.00      0.00     26.00      0.01
12:52:37 PM      eno1    178.00      0.00     10.43      0.00      0.00      0.00      0.00      0.01
12:52:38 PM      eno1    178.00      1.00     10.43      0.17      0.00      0.00     26.00      0.01
12:52:39 PM      eno1    184.00      0.00     10.78      0.00      0.00      0.00      0.00      0.01
12:52:40 PM      eno1    175.00      1.00     10.25      0.05      0.00      0.00     24.00      0.01
12:52:41 PM      eno1    173.00      1.00     10.14      0.05      0.00      0.00      0.00      0.01
12:52:42 PM      eno1    194.00      5.00     11.85      1.40      0.00      0.00     26.00      0.01
12:52:43 PM      eno1    197.00      8.00     11.83      1.23      0.00      0.00      0.00      0.01
12:52:44 PM      eno1    175.00      1.00     10.25      0.20      0.00      0.00     27.00      0.01
12:52:45 PM      eno1    179.00      0.00     10.49      0.00      0.00      0.00      0.00      0.01
12:52:46 PM      eno1    201.00      0.00     11.78      0.00      0.00      0.00     25.00      0.01
12:52:47 PM      eno1    198.00      1.00     11.60      0.17      0.00      0.00      0.00      0.01
12:52:48 PM      eno1    192.00      0.00     11.25      0.00      0.00      0.00     26.00      0.01
12:52:49 PM      eno1    180.00      0.00     10.55      0.00      0.00      0.00      0.00      0.01
12:52:50 PM      eno1    186.00      0.00     10.90      0.00      0.00      0.00     29.00      0.01
12:52:51 PM      eno1    191.00      1.00     11.19      0.17      0.00      0.00      0.00      0.01
12:52:52 PM      eno1    185.15      0.00     10.85      0.00      0.00      0.00     25.74      0.01
12:52:53 PM      eno1    165.00      0.00      9.67      0.00      0.00      0.00      0.00      0.01
12:52:54 PM      eno1    169.00      0.00      9.90      0.00      0.00      0.00     24.00      0.01
12:52:55 PM      eno1    183.00      1.00     10.72      0.17      0.00      0.00      0.00      0.01
12:52:56 PM      eno1    178.00      0.00     10.43      0.00      0.00      0.00     32.00      0.01
12:52:57 PM      eno1    191.00      0.00     11.19      0.00      0.00      0.00      0.00      0.01
12:52:58 PM      eno1    185.00      0.00     10.84      0.00      0.00      0.00     24.00      0.01
12:52:59 PM      eno1    183.00      1.00     10.72      0.17      0.00      0.00      0.00      0.01
12:53:00 PM      eno1    178.00      0.00     10.43      0.00      0.00      0.00     26.00      0.01
12:53:01 PM      eno1    167.00      0.00      9.79      0.00      0.00      0.00      0.00      0.01
12:53:02 PM      eno1    162.00      0.00      9.49      0.00      0.00      0.00     25.00      0.01
12:53:03 PM      eno1    159.00      1.00      9.32      0.17      0.00      0.00      0.00      0.01
12:53:04 PM      eno1    154.00      0.00      9.02      0.00      0.00      0.00     27.00      0.01
12:53:05 PM      eno1    159.00      0.00      9.32      0.00      0.00      0.00      0.00      0.01
12:53:06 PM      eno1    167.00      0.00      9.79      0.00      0.00      0.00     29.00      0.01
12:53:07 PM      eno1    190.00      1.00     11.13      0.17      0.00      0.00      0.00      0.01
12:53:08 PM      eno1    180.00      0.00     10.55      0.00      0.00      0.00     23.00      0.01
12:53:09 PM      eno1    175.00      0.00     10.25      0.00      0.00      0.00      0.00      0.01
12:53:10 PM      eno1    170.00      0.00      9.96      0.00      0.00      0.00     30.00      0.01
12:53:11 PM      eno1    181.00      1.00     10.61      0.17      0.00      0.00      0.00      0.01
12:53:12 PM      eno1    166.00      1.00      9.73      0.05      0.00      0.00     26.00      0.01
12:53:13 PM      eno1    173.00      0.00     10.14      0.00      0.00      0.00      0.00      0.01
12:53:14 PM      eno1    188.00      1.00     11.02      0.05      0.00      0.00     27.00      0.01
12:53:15 PM      eno1    200.00      1.00     11.72      0.17      0.00      0.00      0.00      0.01
12:53:16 PM      eno1    193.00      0.00     11.31      0.00      0.00      0.00     25.00      0.01
12:53:17 PM      eno1    169.00      0.00      9.90      0.00      0.00      0.00      0.00      0.01
12:53:18 PM      eno1    159.00      0.00      9.32      0.00      0.00      0.00     24.00      0.01
12:53:19 PM      eno1    167.00      1.00      9.79      0.17      0.00      0.00      0.00      0.01
12:53:20 PM      eno1    170.00      0.00      9.96      0.00      0.00      0.00     29.00      0.01
12:53:21 PM      eno1    170.00      0.00      9.96      0.00      0.00      0.00      0.00      0.01
12:53:22 PM      eno1    183.00      0.00     10.72      0.00      0.00      0.00     29.00      0.01
12:53:23 PM      eno1    184.00      0.00     10.78      0.00      0.00      0.00      0.00      0.01
12:53:24 PM      eno1    186.00      2.00     10.90      0.23      0.00      0.00     27.00      0.01
12:53:25 PM      eno1    180.00      0.00     10.55      0.00      0.00      0.00      0.00      0.01
12:53:26 PM      eno1    188.00      0.00     11.02      0.00      0.00      0.00     30.00      0.01
12:53:27 PM      eno1    191.00      1.00     11.19      0.17      0.00      0.00      0.00      0.01
12:53:28 PM      eno1    175.00      0.00     10.25      0.00      0.00      0.00     24.00      0.01
12:53:29 PM      eno1    166.00      0.00      9.73      0.00      0.00      0.00      0.00      0.01
12:53:30 PM      eno1    166.00      0.00      9.73      0.00      0.00      0.00     27.00      0.01
12:53:31 PM      eno1    179.00      0.00     10.49      0.00      0.00      0.00      0.00      0.01
12:53:32 PM      eno1    192.00      1.00     11.25      0.17      0.00      0.00     27.00      0.01
12:53:33 PM      eno1    168.00      0.00      9.84      0.00      0.00      0.00      0.00      0.01
12:53:34 PM      eno1    173.00      0.00     10.14      0.00      0.00      0.00     26.00      0.01
12:53:35 PM      eno1    175.00      0.00     10.25      0.00      0.00      0.00      0.00      0.01
12:53:36 PM      eno1    174.00      1.00     10.20      0.17      0.00      0.00     30.00      0.01
12:53:37 PM      eno1    154.00      0.00      9.02      0.00      0.00      0.00      0.00      0.01
12:53:38 PM      eno1    158.00      0.00      9.26      0.00      0.00      0.00     25.00      0.01
12:53:39 PM      eno1    163.00      0.00      9.55      0.00      0.00      0.00      0.00      0.01
12:53:40 PM      eno1    159.00      1.00      9.32      0.17      0.00      0.00     29.00      0.01
12:53:41 PM      eno1    161.00      0.00      9.43      0.00      0.00      0.00      0.00      0.01
12:53:42 PM      eno1    165.00      0.00      9.67      0.00      0.00      0.00     25.00      0.01
12:53:43 PM      eno1    163.00      0.00      9.55      0.00      0.00      0.00      0.00      0.01
12:53:44 PM      eno1    150.00      1.00      8.79      0.17      0.00      0.00     31.00      0.01
12:53:45 PM      eno1    143.00      0.00      8.38      0.00      0.00      0.00      0.00      0.01
12:53:46 PM      eno1    137.00      0.00      8.03      0.00      0.00      0.00     30.00      0.01
12:53:47 PM      eno1    141.00      0.00      8.26      0.00      0.00      0.00      0.00      0.01
12:53:48 PM      eno1    131.00      1.00      7.68      0.17      0.00      0.00     26.00      0.01
12:53:49 PM      eno1    132.00      0.00      7.73      0.00      0.00      0.00      0.00      0.01
12:53:50 PM      eno1    120.00      0.00      7.03      0.00      0.00      0.00     24.00      0.01
12:53:51 PM      eno1    134.00      0.00      7.85      0.00      0.00      0.00      0.00      0.01
12:53:52 PM      eno1    119.00      1.00      6.97      0.17      0.00      0.00     27.00      0.01
12:53:53 PM      eno1    104.00      0.00      6.09      0.00      0.00      0.00      0.00      0.00
12:53:54 PM      eno1    124.00      0.00      7.27      0.00      0.00      0.00     26.00      0.01
12:53:55 PM      eno1    131.00      0.00      7.68      0.00      0.00      0.00      0.00      0.01
12:53:56 PM      eno1    145.00      1.00      8.50      0.17      0.00      0.00     24.00      0.01
12:53:57 PM      eno1    128.00      0.00      7.50      0.00      0.00      0.00      0.00      0.01
12:53:58 PM      eno1    130.00      0.00      7.62      0.00      0.00      0.00     24.00      0.01
12:53:59 PM      eno1    130.00      0.00      7.62      0.00      0.00      0.00      0.00      0.01
12:54:00 PM      eno1    127.00      1.00      7.44      0.17      0.00      0.00     30.00      0.01
12:54:01 PM      eno1    118.00      0.00      6.91      0.00      0.00      0.00      0.00      0.01
12:54:02 PM      eno1    120.00      0.00      7.03      0.00      0.00      0.00     24.00      0.01
12:54:03 PM      eno1    134.00      2.00      7.86      0.13      0.00      0.00      0.00      0.01
12:54:04 PM      eno1    140.00      1.00      8.20      0.17      0.00      0.00     28.00      0.01
12:54:05 PM      eno1    155.00      0.00      9.08      0.00      0.00      0.00      0.00      0.01
12:54:06 PM      eno1    145.00      1.00      8.51      0.07      0.00      0.00     24.00      0.01
12:54:07 PM      eno1    153.00      9.00      9.80      2.18      0.00      0.00      0.00      0.01
12:54:08 PM      eno1    151.00      6.00      9.08      0.60      0.00      0.00     25.00      0.01
12:54:09 PM      eno1    136.00      0.00      7.97      0.00      0.00      0.00      0.00      0.01
12:54:10 PM      eno1    133.00      0.00      7.79      0.00      0.00      0.00     30.00      0.01
12:54:11 PM      eno1    145.00      0.00      8.50      0.00      0.00      0.00      0.00      0.01
12:54:12 PM      eno1    148.00      1.00      8.67      0.17      0.00      0.00     31.00      0.01
12:54:13 PM      eno1    130.00      0.00      7.62      0.00      0.00      0.00      0.00      0.01
12:54:14 PM      eno1    127.00      0.00      7.44      0.00      0.00      0.00     29.00      0.01
12:54:15 PM      eno1    127.00      0.00      7.44      0.00      0.00      0.00      0.00      0.01
12:54:16 PM      eno1    137.00      1.00      8.03      0.17      0.00      0.00     28.00      0.01
12:54:17 PM      eno1    125.00      0.00      7.32      0.00      0.00      0.00      0.00      0.01
12:54:18 PM      eno1    118.00      0.00      6.91      0.00      0.00      0.00     23.00      0.01
12:54:19 PM      eno1    123.00      0.00      7.21      0.00      0.00      0.00      0.00      0.01
12:54:20 PM      eno1    134.00      1.00      7.85      0.17      0.00      0.00     25.00      0.01
12:54:21 PM      eno1    143.00      0.00      8.38      0.00      0.00      0.00      0.00      0.01
12:54:22 PM      eno1    149.00      0.00      8.73      0.00      0.00      0.00     26.00      0.01
12:54:23 PM      eno1    136.00      0.00      7.97      0.00      0.00      0.00      0.00      0.01
12:54:24 PM      eno1    148.00      1.00      8.67      0.17      0.00      0.00     30.00      0.01
12:54:25 PM      eno1    141.00      0.00      8.26      0.00      0.00      0.00      0.00      0.01
12:54:26 PM      eno1    132.00      0.00      7.73      0.00      0.00      0.00     25.00      0.01
12:54:27 PM      eno1    132.00      0.00      7.73      0.00      0.00      0.00      0.00      0.01
12:54:28 PM      eno1    124.00      1.00      7.27      0.17      0.00      0.00     26.00      0.01
12:54:29 PM      eno1    122.00      0.00      7.15      0.00      0.00      0.00      0.00      0.01
12:54:30 PM      eno1    144.00      0.00      8.44      0.00      0.00      0.00     26.00      0.01
12:54:31 PM      eno1    146.00      0.00      8.55      0.00      0.00      0.00      0.00      0.01
12:54:32 PM      eno1    165.00      1.00      9.67      0.17      0.00      0.00     28.00      0.01
12:54:33 PM      eno1    131.00      0.00      7.68      0.00      0.00      0.00      0.00      0.01
12:54:34 PM      eno1    142.00      0.00      8.32      0.00      0.00      0.00     24.00      0.01
12:54:35 PM      eno1    130.00      0.00      7.62      0.00      0.00      0.00      0.00      0.01
12:54:36 PM      eno1    125.00      1.00      7.32      0.17      0.00      0.00     25.00      0.01
12:54:37 PM      eno1    127.00      0.00      7.44      0.00      0.00      0.00      0.00      0.01
12:54:38 PM      eno1    117.00      0.00      6.86      0.00      0.00      0.00     25.00      0.01
12:54:39 PM      eno1    111.00      0.00      6.50      0.00      0.00      0.00      0.00      0.01
12:54:40 PM      eno1    108.00      2.00      6.33      0.23      0.00      0.00     26.00      0.01
12:54:41 PM      eno1    109.00      0.00      6.39      0.00      0.00      0.00      0.00      0.01
12:54:42 PM      eno1    123.00      0.00      7.21      0.00      0.00      0.00     26.00      0.01
12:54:43 PM      eno1    121.00      0.00      7.09      0.00      0.00      0.00      0.00      0.01
12:54:44 PM      eno1    127.00      1.00      7.44      0.17      0.00      0.00     32.00      0.01
12:54:45 PM      eno1    126.00      0.00      7.38      0.00      0.00      0.00      0.00      0.01
12:54:46 PM      eno1    138.00      0.00      8.09      0.00      0.00      0.00     28.00      0.01
12:54:47 PM      eno1    145.00      0.00      8.50      0.00      0.00      0.00      0.00      0.01
12:54:48 PM      eno1    145.00     12.00      9.20      2.56      0.00      0.00     24.00      0.01
12:54:49 PM      eno1    125.00      1.00      7.39      0.06      0.00      0.00      0.00      0.01
12:54:50 PM      eno1    133.00      0.00      7.79      0.00      0.00      0.00     23.00      0.01
12:54:51 PM      eno1    141.00      1.00      8.26      0.05      0.00      0.00      0.00      0.01
12:54:52 PM      eno1    138.00      1.00      8.09      0.17      0.00      0.00     27.00      0.01
12:54:53 PM      eno1    125.00      0.00      7.32      0.00      0.00      0.00      0.00      0.01
12:54:54 PM      eno1    122.00      0.00      7.15      0.00      0.00      0.00     23.00      0.01
12:54:55 PM      eno1    104.00      0.00      6.09      0.00      0.00      0.00      0.00      0.00
12:54:56 PM      eno1    111.00      1.00      6.50      0.17      0.00      0.00     25.00      0.01
12:54:57 PM      eno1    112.00      1.00      6.56      0.05      0.00      0.00      0.00      0.01
12:54:58 PM      eno1    121.00      0.00      7.09      0.00      0.00      0.00     26.00      0.01
12:54:59 PM      eno1    121.00      0.00      7.09      0.00      0.00      0.00      0.00      0.01
12:55:00 PM      eno1    121.00      1.00      7.09      0.17      0.00      0.00     26.00      0.01
12:55:01 PM      eno1    122.00      0.00      7.15      0.00      0.00      0.00      0.00      0.01
12:55:02 PM      eno1    128.00      1.00      7.50      0.05      0.00      0.00     23.00      0.01
12:55:03 PM      eno1    124.00      0.00      7.27      0.00      0.00      0.00      0.00      0.01
12:55:04 PM      eno1    130.00      1.00      7.62      0.17      0.00      0.00     27.00      0.01
12:55:05 PM      eno1    117.00      0.00      6.86      0.00      0.00      0.00      0.00      0.01
12:55:06 PM      eno1    120.00      0.00      7.03      0.00      0.00      0.00     29.00      0.01
12:55:07 PM      eno1    140.00      0.00      8.20      0.00      0.00      0.00      0.00      0.01
12:55:08 PM      eno1    136.00      1.00      7.97      0.17      0.00      0.00     25.00      0.01
12:55:09 PM      eno1    126.00      0.00      7.38      0.00      0.00      0.00      0.00      0.01
12:55:10 PM      eno1    132.00      0.00      7.73      0.00      0.00      0.00     28.00      0.01
12:55:11 PM      eno1    135.00      0.00      7.91      0.00      0.00      0.00      0.00      0.01
12:55:12 PM      eno1    136.00      1.00      7.97      0.05      0.00      0.00     28.00      0.01
12:55:13 PM      eno1    133.00      1.00      7.79      0.17      0.00      0.00      0.00      0.01
12:55:14 PM      eno1    145.00      0.00      8.50      0.00      0.00      0.00     24.00      0.01
12:55:15 PM      eno1    146.00      0.00      8.55      0.00      0.00      0.00      0.00      0.01
12:55:16 PM      eno1    138.00      0.00      8.09      0.00      0.00      0.00     27.00      0.01
12:55:17 PM      eno1    139.00      2.00      8.14      0.23      0.00      0.00      0.00      0.01
12:55:18 PM      eno1    145.00      0.00      8.50      0.00      0.00      0.00     25.00      0.01
12:55:19 PM      eno1    133.00      0.00      7.79      0.00      0.00      0.00      0.00      0.01
12:55:20 PM      eno1    134.00      0.00      7.85      0.00      0.00      0.00     24.00      0.01
12:55:21 PM      eno1    148.00      1.00      8.67      0.17      0.00      0.00      0.00      0.01
12:55:22 PM      eno1    150.00      0.00      8.79      0.00      0.00      0.00     27.00      0.01
12:55:23 PM      eno1    153.00      0.00      8.96      0.00      0.00      0.00      0.00      0.01
12:55:24 PM      eno1    155.00      0.00      9.08      0.00      0.00      0.00     25.00      0.01
12:55:25 PM      eno1    156.00      1.00      9.14      0.17      0.00      0.00      0.00      0.01
12:55:26 PM      eno1    154.00      0.00      9.02      0.00      0.00      0.00     25.00      0.01
12:55:27 PM      eno1    137.00      0.00      8.03      0.00      0.00      0.00      0.00      0.01
12:55:28 PM      eno1    127.00      0.00      7.44      0.00      0.00      0.00     25.00      0.01
12:55:29 PM      eno1    127.00      1.00      7.44      0.17      0.00      0.00      0.00      0.01
12:55:30 PM      eno1    125.00      0.00      7.32      0.00      0.00      0.00     29.00      0.01
12:55:31 PM      eno1    137.00      0.00      8.03      0.00      0.00      0.00      0.00      0.01
12:55:32 PM      eno1    137.00      0.00      8.03      0.00      0.00      0.00     25.00      0.01
12:55:33 PM      eno1    155.00      2.00      9.08      0.24      0.00      0.00      0.00      0.01
12:55:34 PM      eno1    154.00      0.00      9.02      0.00      0.00      0.00     29.00      0.01
12:55:35 PM      eno1    159.00      0.00      9.32      0.00      0.00      0.00      0.00      0.01
12:55:36 PM      eno1    157.00      0.00      9.20      0.00      0.00      0.00     27.00      0.01
12:55:37 PM      eno1    155.00      1.00      9.08      0.17      0.00      0.00      0.00      0.01
12:55:38 PM      eno1    144.00      0.00      8.44      0.00      0.00      0.00     25.00      0.01
12:55:39 PM      eno1    143.00      1.00      8.38      0.12      0.00      0.00      0.00      0.01
12:55:40 PM      eno1    146.00      1.00      8.55      0.19      0.00      0.00     30.00      0.01
12:55:41 PM      eno1    159.00      2.00      9.32      0.58      0.00      0.00      0.00      0.01
12:55:42 PM      eno1    147.00      2.00      8.61      0.58      0.00      0.00     27.00      0.01
12:55:43 PM      eno1    140.00      0.00      8.20      0.00      0.00      0.00      0.00      0.01
12:55:44 PM      eno1    131.00      0.00      7.68      0.00      0.00      0.00     32.00      0.01
12:55:45 PM      eno1    139.00      0.00      8.14      0.00      0.00      0.00      0.00      0.01
12:55:46 PM      eno1    145.00      1.00      8.50      0.05      0.00      0.00     26.00      0.01
12:55:47 PM      eno1    159.00      0.00      9.32      0.00      0.00      0.00      0.00      0.01
12:55:48 PM      eno1    178.00      3.00     10.46      0.40      0.00      0.00     24.00      0.01
12:55:49 PM      eno1    162.00      0.00      9.49      0.00      0.00      0.00      0.00      0.01
12:55:50 PM      eno1    143.00      0.00      8.38      0.00      0.00      0.00     27.00      0.01
Average:         eno1    152.64      0.68      8.96      0.13      0.00      0.00     13.23      0.01
