changeLinux 4.4.0-142-generic (node0.g16-a2.cs744-s19-pg0.wisc.cloudlab.us) 	04/19/2019 	_x86_64_	(40 CPU)
12:52:13 PM        lo     60.00     60.00     12.24     12.24      0.00      0.00      0.00      0.00
12:52:14 PM        lo     35.00     35.00      5.97      5.97      0.00      0.00      0.00      0.00
12:52:15 PM        lo     66.00     66.00     15.01     15.01      0.00      0.00      0.00      0.00
12:52:16 PM        lo     49.00     49.00      8.50      8.50      0.00      0.00      0.00      0.00
12:52:17 PM        lo     39.00     39.00    374.14    374.14      0.00      0.00      0.00      0.00
12:52:18 PM        lo      0.00      0.00      0.00      0.00      0.00      0.00      0.00      0.00
12:52:19 PM        lo      0.00      0.00      0.00      0.00      0.00      0.00      0.00      0.00
12:52:20 PM        lo    175.00    175.00     20.77     20.77      0.00      0.00      0.00      0.00
12:52:21 PM        lo   1100.00   1100.00    149.54    149.54      0.00      0.00      0.00      0.00
12:52:22 PM        lo     27.00     27.00      3.49      3.49      0.00      0.00      0.00      0.00
12:52:23 PM        lo      0.00      0.00      0.00      0.00      0.00      0.00      0.00      0.00
12:52:24 PM        lo      0.00      0.00      0.00      0.00      0.00      0.00      0.00      0.00
12:52:25 PM        lo     21.00     21.00    167.06    167.06      0.00      0.00      0.00      0.00
12:52:26 PM        lo   1018.00   1018.00    135.35    135.35      0.00      0.00      0.00      0.00
12:52:27 PM        lo    107.00    107.00     14.32     14.32      0.00      0.00      0.00      0.00
12:52:28 PM        lo      0.00      0.00      0.00      0.00      0.00      0.00      0.00      0.00
12:52:29 PM        lo      0.00      0.00      0.00      0.00      0.00      0.00      0.00      0.00
12:52:30 PM        lo   1112.00   1112.00    314.14    314.14      0.00      0.00      0.00      0.00
12:52:31 PM        lo      1.00      1.00      0.05      0.05      0.00      0.00      0.00      0.00
12:52:32 PM        lo      0.00      0.00      0.00      0.00      0.00      0.00      0.00      0.00
12:52:33 PM        lo      0.00      0.00      0.00      0.00      0.00      0.00      0.00      0.00
12:52:34 PM        lo    791.00    791.00    272.42    272.42      0.00      0.00      0.00      0.00
12:52:35 PM        lo    289.00    289.00     40.27     40.27      0.00      0.00      0.00      0.00
12:52:36 PM        lo      0.00      0.00      0.00      0.00      0.00      0.00      0.00      0.00
12:52:37 PM        lo      0.00      0.00      0.00      0.00      0.00      0.00      0.00      0.00
12:52:38 PM        lo    503.00    503.00    232.22    232.22      0.00      0.00      0.00      0.00
12:52:39 PM        lo    590.00    590.00     81.29     81.29      0.00      0.00      0.00      0.00
12:52:40 PM        lo      0.00      0.00      0.00      0.00      0.00      0.00      0.00      0.00
12:52:41 PM        lo      0.00      0.00      0.00      0.00      0.00      0.00      0.00      0.00
12:52:42 PM        lo    485.00    485.00    230.23    230.23      0.00      0.00      0.00      0.00
12:52:43 PM        lo    623.00    623.00     85.04     85.04      0.00      0.00      0.00      0.00
12:52:44 PM        lo      0.00      0.00      0.00      0.00      0.00      0.00      0.00      0.00
12:52:45 PM        lo      0.00      0.00      0.00      0.00      0.00      0.00      0.00      0.00
12:52:46 PM        lo      0.00      0.00      0.00      0.00      0.00      0.00      0.00      0.00
12:52:47 PM        lo   1104.00   1104.00    320.05    320.05      0.00      0.00      0.00      0.00
12:52:48 PM        lo      0.00      0.00      0.00      0.00      0.00      0.00      0.00      0.00
12:52:49 PM        lo      0.00      0.00      0.00      0.00      0.00      0.00      0.00      0.00
12:52:50 PM        lo      0.00      0.00      0.00      0.00      0.00      0.00      0.00      0.00
12:52:51 PM        lo   1100.00   1100.00    322.83    322.83      0.00      0.00      0.00      0.00
12:52:52 PM        lo      0.00      0.00      0.00      0.00      0.00      0.00      0.00      0.00
12:52:53 PM        lo      0.00      0.00      0.00      0.00      0.00      0.00      0.00      0.00
12:52:54 PM        lo      0.00      0.00      0.00      0.00      0.00      0.00      0.00      0.00
12:52:55 PM        lo   1106.00   1106.00    323.83    323.83      0.00      0.00      0.00      0.00
12:52:56 PM        lo      0.00      0.00      0.00      0.00      0.00      0.00      0.00      0.00
12:52:57 PM        lo      0.00      0.00      0.00      0.00      0.00      0.00      0.00      0.00
12:52:58 PM        lo      0.00      0.00      0.00      0.00      0.00      0.00      0.00      0.00
12:52:59 PM        lo   1131.00   1131.00    326.06    326.06      0.00      0.00      0.00      0.00
12:53:00 PM        lo      0.00      0.00      0.00      0.00      0.00      0.00      0.00      0.00
12:53:01 PM        lo      0.00      0.00      0.00      0.00      0.00      0.00      0.00      0.00
12:53:02 PM        lo      0.00      0.00      0.00      0.00      0.00      0.00      0.00      0.00
12:53:03 PM        lo   1136.00   1136.00    327.45    327.45      0.00      0.00      0.00      0.00
12:53:04 PM        lo      1.00      1.00      0.05      0.05      0.00      0.00      0.00      0.00
12:53:05 PM        lo      0.00      0.00      0.00      0.00      0.00      0.00      0.00      0.00
12:53:06 PM        lo      0.00      0.00      0.00      0.00      0.00      0.00      0.00      0.00
12:53:07 PM        lo   1125.00   1125.00    327.20    327.20      0.00      0.00      0.00      0.00
12:53:08 PM        lo      0.00      0.00      0.00      0.00      0.00      0.00      0.00      0.00
12:53:09 PM        lo      0.00      0.00      0.00      0.00      0.00      0.00      0.00      0.00
12:53:10 PM        lo      0.00      0.00      0.00      0.00      0.00      0.00      0.00      0.00
12:53:11 PM        lo   1097.00   1097.00    326.81    326.81      0.00      0.00      0.00      0.00
12:53:12 PM        lo      0.00      0.00      0.00      0.00      0.00      0.00      0.00      0.00
12:53:13 PM        lo      0.00      0.00      0.00      0.00      0.00      0.00      0.00      0.00
12:53:14 PM        lo      0.00      0.00      0.00      0.00      0.00      0.00      0.00      0.00
12:53:15 PM        lo   1103.00   1103.00    326.31    326.31      0.00      0.00      0.00      0.00
12:53:16 PM        lo      0.00      0.00      0.00      0.00      0.00      0.00      0.00      0.00
12:53:17 PM        lo      0.00      0.00      0.00      0.00      0.00      0.00      0.00      0.00
12:53:18 PM        lo      0.00      0.00      0.00      0.00      0.00      0.00      0.00      0.00
12:53:19 PM        lo   1065.00   1065.00    320.38    320.38      0.00      0.00      0.00      0.00
12:53:20 PM        lo     59.00     59.00      8.33      8.33      0.00      0.00      0.00      0.00
12:53:21 PM        lo      0.00      0.00      0.00      0.00      0.00      0.00      0.00      0.00
12:53:22 PM        lo      0.00      0.00      0.00      0.00      0.00      0.00      0.00      0.00
12:53:23 PM        lo      0.00      0.00      0.00      0.00      0.00      0.00      0.00      0.00
12:53:24 PM        lo   1133.00   1133.00    328.49    328.49      0.00      0.00      0.00      0.00
12:53:25 PM        lo      0.00      0.00      0.00      0.00      0.00      0.00      0.00      0.00
12:53:26 PM        lo      0.00      0.00      0.00      0.00      0.00      0.00      0.00      0.00
12:53:27 PM        lo     48.00     48.00    177.71    177.71      0.00      0.00      0.00      0.00
12:53:28 PM        lo   1060.00   1060.00    148.91    148.91      0.00      0.00      0.00      0.00
12:53:29 PM        lo      0.00      0.00      0.00      0.00      0.00      0.00      0.00      0.00
12:53:30 PM        lo      0.00      0.00      0.00      0.00      0.00      0.00      0.00      0.00
12:53:31 PM        lo      0.00      0.00      0.00      0.00      0.00      0.00      0.00      0.00
12:53:32 PM        lo   1100.00   1100.00    327.90    327.90      0.00      0.00      0.00      0.00
12:53:33 PM        lo      0.00      0.00      0.00      0.00      0.00      0.00      0.00      0.00
12:53:34 PM        lo      0.00      0.00      0.00      0.00      0.00      0.00      0.00      0.00
12:53:35 PM        lo      0.00      0.00      0.00      0.00      0.00      0.00      0.00      0.00
12:53:36 PM        lo   1133.00   1133.00    327.59    327.59      0.00      0.00      0.00      0.00
12:53:37 PM        lo      0.00      0.00      0.00      0.00      0.00      0.00      0.00      0.00
12:53:38 PM        lo      0.00      0.00      0.00      0.00      0.00      0.00      0.00      0.00
12:53:39 PM        lo      0.00      0.00      0.00      0.00      0.00      0.00      0.00      0.00
12:53:40 PM        lo   1119.00   1119.00    327.60    327.60      0.00      0.00      0.00      0.00
12:53:41 PM        lo      0.00      0.00      0.00      0.00      0.00      0.00      0.00      0.00
12:53:42 PM        lo      0.00      0.00      0.00      0.00      0.00      0.00      0.00      0.00
12:53:43 PM        lo      0.00      0.00      0.00      0.00      0.00      0.00      0.00      0.00
12:53:44 PM        lo   1095.00   1095.00    325.34    325.34      0.00      0.00      0.00      0.00
12:53:45 PM        lo     25.00     25.00      3.38      3.38      0.00      0.00      0.00      0.00
12:53:46 PM        lo      0.00      0.00      0.00      0.00      0.00      0.00      0.00      0.00
12:53:47 PM        lo      0.00      0.00      0.00      0.00      0.00      0.00      0.00      0.00
12:53:48 PM        lo   1105.00   1105.00    327.46    327.46      0.00      0.00      0.00      0.00
12:53:49 PM        lo      0.00      0.00      0.00      0.00      0.00      0.00      0.00      0.00
12:53:50 PM        lo      0.00      0.00      0.00      0.00      0.00      0.00      0.00      0.00
12:53:51 PM        lo      0.00      0.00      0.00      0.00      0.00      0.00      0.00      0.00
12:53:52 PM        lo   1116.00   1116.00    328.16    328.16      0.00      0.00      0.00      0.00
12:53:53 PM        lo      0.00      0.00      0.00      0.00      0.00      0.00      0.00      0.00
12:53:54 PM        lo      0.00      0.00      0.00      0.00      0.00      0.00      0.00      0.00
12:53:55 PM        lo      0.00      0.00      0.00      0.00      0.00      0.00      0.00      0.00
12:53:56 PM        lo   1108.00   1108.00    327.35    327.35      0.00      0.00      0.00      0.00
12:53:57 PM        lo      0.00      0.00      0.00      0.00      0.00      0.00      0.00      0.00
12:53:58 PM        lo      0.00      0.00      0.00      0.00      0.00      0.00      0.00      0.00
12:53:59 PM        lo      0.00      0.00      0.00      0.00      0.00      0.00      0.00      0.00
12:54:00 PM        lo   1118.00   1118.00    328.17    328.17      0.00      0.00      0.00      0.00
12:54:01 PM        lo      0.00      0.00      0.00      0.00      0.00      0.00      0.00      0.00
12:54:02 PM        lo      8.00      8.00      0.41      0.41      0.00      0.00      0.00      0.00
12:54:03 PM        lo      0.00      0.00      0.00      0.00      0.00      0.00      0.00      0.00
12:54:04 PM        lo   1074.00   1074.00    323.42    323.42      0.00      0.00      0.00      0.00
12:54:05 PM        lo     36.00     36.00      5.08      5.08      0.00      0.00      0.00      0.00
12:54:06 PM        lo      0.00      0.00      0.00      0.00      0.00      0.00      0.00      0.00
12:54:07 PM        lo      0.00      0.00      0.00      0.00      0.00      0.00      0.00      0.00
12:54:08 PM        lo   1137.00   1137.00    329.45    329.45      0.00      0.00      0.00      0.00
12:54:09 PM        lo      0.00      0.00      0.00      0.00      0.00      0.00      0.00      0.00
12:54:10 PM        lo      0.00      0.00      0.00      0.00      0.00      0.00      0.00      0.00
12:54:11 PM        lo      0.00      0.00      0.00      0.00      0.00      0.00      0.00      0.00
12:54:12 PM        lo   1118.00   1118.00    329.49    329.49      0.00      0.00      0.00      0.00
12:54:13 PM        lo      0.00      0.00      0.00      0.00      0.00      0.00      0.00      0.00
12:54:14 PM        lo      0.00      0.00      0.00      0.00      0.00      0.00      0.00      0.00
12:54:15 PM        lo      0.00      0.00      0.00      0.00      0.00      0.00      0.00      0.00
12:54:16 PM        lo   1122.00   1122.00    328.61    328.61      0.00      0.00      0.00      0.00
12:54:17 PM        lo      0.00      0.00      0.00      0.00      0.00      0.00      0.00      0.00
12:54:18 PM        lo      0.00      0.00      0.00      0.00      0.00      0.00      0.00      0.00
12:54:19 PM        lo      0.00      0.00      0.00      0.00      0.00      0.00      0.00      0.00
12:54:20 PM        lo   1094.00   1094.00    326.68    326.68      0.00      0.00      0.00      0.00
12:54:21 PM        lo      7.00      7.00      0.93      0.93      0.00      0.00      0.00      0.00
12:54:22 PM        lo      0.00      0.00      0.00      0.00      0.00      0.00      0.00      0.00
12:54:23 PM        lo      0.00      0.00      0.00      0.00      0.00      0.00      0.00      0.00
12:54:24 PM        lo   1098.00   1098.00    326.27    326.27      0.00      0.00      0.00      0.00
12:54:25 PM        lo     22.00     22.00      2.84      2.84      0.00      0.00      0.00      0.00
12:54:26 PM        lo      0.00      0.00      0.00      0.00      0.00      0.00      0.00      0.00
12:54:27 PM        lo      0.00      0.00      0.00      0.00      0.00      0.00      0.00      0.00
12:54:28 PM        lo   1095.00   1095.00    325.49    325.49      0.00      0.00      0.00      0.00
12:54:29 PM        lo     27.00     27.00      3.67      3.67      0.00      0.00      0.00      0.00
12:54:30 PM        lo      0.00      0.00      0.00      0.00      0.00      0.00      0.00      0.00
12:54:31 PM        lo      0.00      0.00      0.00      0.00      0.00      0.00      0.00      0.00
12:54:32 PM        lo   1101.00   1101.00    327.44    327.44      0.00      0.00      0.00      0.00
12:54:33 PM        lo      0.00      0.00      0.00      0.00      0.00      0.00      0.00      0.00
12:54:34 PM        lo      0.00      0.00      0.00      0.00      0.00      0.00      0.00      0.00
12:54:35 PM        lo      0.00      0.00      0.00      0.00      0.00      0.00      0.00      0.00
12:54:36 PM        lo   1051.00   1051.00    319.23    319.23      0.00      0.00      0.00      0.00
12:54:37 PM        lo     61.00     61.00      8.84      8.84      0.00      0.00      0.00      0.00
12:54:38 PM        lo      0.00      0.00      0.00      0.00      0.00      0.00      0.00      0.00
12:54:39 PM        lo      0.00      0.00      0.00      0.00      0.00      0.00      0.00      0.00
12:54:40 PM        lo    935.00    935.00    301.49    301.49      0.00      0.00      0.00      0.00
12:54:41 PM        lo    187.00    187.00     27.11     27.11      0.00      0.00      0.00      0.00
12:54:42 PM        lo      0.00      0.00      0.00      0.00      0.00      0.00      0.00      0.00
12:54:43 PM        lo      0.00      0.00      0.00      0.00      0.00      0.00      0.00      0.00
12:54:44 PM        lo     44.00     44.00    178.14    178.14      0.00      0.00      0.00      0.00
12:54:45 PM        lo   1082.00   1082.00    150.78    150.78      0.00      0.00      0.00      0.00
12:54:46 PM        lo      0.00      0.00      0.00      0.00      0.00      0.00      0.00      0.00
12:54:47 PM        lo      0.00      0.00      0.00      0.00      0.00      0.00      0.00      0.00
12:54:48 PM        lo     82.00     82.00    183.26    183.26      0.00      0.00      0.00      0.00
12:54:49 PM        lo   1037.00   1037.00    145.32    145.32      0.00      0.00      0.00      0.00
12:54:50 PM        lo      0.00      0.00      0.00      0.00      0.00      0.00      0.00      0.00
12:54:51 PM        lo      0.00      0.00      0.00      0.00      0.00      0.00      0.00      0.00
12:54:52 PM        lo    163.00    163.00    195.14    195.14      0.00      0.00      0.00      0.00
12:54:53 PM        lo    951.00    951.00    133.25    133.25      0.00      0.00      0.00      0.00
12:54:54 PM        lo      0.00      0.00      0.00      0.00      0.00      0.00      0.00      0.00
12:54:55 PM        lo      0.00      0.00      0.00      0.00      0.00      0.00      0.00      0.00
12:54:56 PM        lo     59.00     59.00    180.54    180.54      0.00      0.00      0.00      0.00
12:54:57 PM        lo   1064.00   1064.00    148.76    148.76      0.00      0.00      0.00      0.00
12:54:58 PM        lo      0.00      0.00      0.00      0.00      0.00      0.00      0.00      0.00
12:54:59 PM        lo      0.00      0.00      0.00      0.00      0.00      0.00      0.00      0.00
12:55:00 PM        lo     35.00     35.00    177.50    177.50      0.00      0.00      0.00      0.00
12:55:01 PM        lo   1095.00   1095.00    152.36    152.36      0.00      0.00      0.00      0.00
12:55:02 PM        lo      0.00      0.00      0.00      0.00      0.00      0.00      0.00      0.00
12:55:03 PM        lo      0.00      0.00      0.00      0.00      0.00      0.00      0.00      0.00
12:55:04 PM        lo     28.00     28.00    175.93    175.93      0.00      0.00      0.00      0.00
12:55:05 PM        lo   1092.00   1092.00    152.66    152.66      0.00      0.00      0.00      0.00
12:55:06 PM        lo      0.00      0.00      0.00      0.00      0.00      0.00      0.00      0.00
12:55:07 PM        lo      0.00      0.00      0.00      0.00      0.00      0.00      0.00      0.00
12:55:08 PM        lo    111.00    111.00    187.87    187.87      0.00      0.00      0.00      0.00
12:55:09 PM        lo   1002.00   1002.00    140.48    140.48      0.00      0.00      0.00      0.00
12:55:10 PM        lo      0.00      0.00      0.00      0.00      0.00      0.00      0.00      0.00
12:55:11 PM        lo      0.00      0.00      0.00      0.00      0.00      0.00      0.00      0.00
12:55:12 PM        lo      0.00      0.00      0.00      0.00      0.00      0.00      0.00      0.00
12:55:13 PM        lo   1107.00   1107.00    328.21    328.21      0.00      0.00      0.00      0.00
12:55:14 PM        lo     13.00     13.00      1.62      1.62      0.00      0.00      0.00      0.00
12:55:15 PM        lo      0.00      0.00      0.00      0.00      0.00      0.00      0.00      0.00
12:55:16 PM        lo      0.00      0.00      0.00      0.00      0.00      0.00      0.00      0.00
12:55:17 PM        lo   1103.00   1103.00    328.42    328.42      0.00      0.00      0.00      0.00
12:55:18 PM        lo      1.00      1.00      0.05      0.05      0.00      0.00      0.00      0.00
12:55:19 PM        lo      0.00      0.00      0.00      0.00      0.00      0.00      0.00      0.00
12:55:20 PM        lo      0.00      0.00      0.00      0.00      0.00      0.00      0.00      0.00
12:55:21 PM        lo   1116.00   1116.00    329.30    329.30      0.00      0.00      0.00      0.00
12:55:22 PM        lo      0.00      0.00      0.00      0.00      0.00      0.00      0.00      0.00
12:55:23 PM        lo      0.00      0.00      0.00      0.00      0.00      0.00      0.00      0.00
12:55:24 PM        lo      0.00      0.00      0.00      0.00      0.00      0.00      0.00      0.00
12:55:25 PM        lo   1107.00   1107.00    328.53    328.53      0.00      0.00      0.00      0.00
12:55:26 PM        lo      1.00      1.00      0.05      0.05      0.00      0.00      0.00      0.00
12:55:27 PM        lo      0.00      0.00      0.00      0.00      0.00      0.00      0.00      0.00
12:55:28 PM        lo      0.00      0.00      0.00      0.00      0.00      0.00      0.00      0.00
12:55:29 PM        lo   1106.00   1106.00    328.70    328.70      0.00      0.00      0.00      0.00
12:55:30 PM        lo      0.00      0.00      0.00      0.00      0.00      0.00      0.00      0.00
12:55:31 PM        lo      0.00      0.00      0.00      0.00      0.00      0.00      0.00      0.00
12:55:32 PM        lo      0.00      0.00      0.00      0.00      0.00      0.00      0.00      0.00
12:55:33 PM        lo    990.00    990.00    310.55    310.55      0.00      0.00      0.00      0.00
12:55:34 PM        lo      1.00      1.00      0.05      0.05      0.00      0.00      0.00      0.00
12:55:35 PM        lo      0.00      0.00      0.00      0.00      0.00      0.00      0.00      0.00
12:55:36 PM        lo      0.00      0.00      0.00      0.00      0.00      0.00      0.00      0.00
12:55:37 PM        lo     14.00     14.00    174.24    174.24      0.00      0.00      0.00      0.00
12:55:38 PM        lo      9.00      9.00      0.97      0.97      0.00      0.00      0.00      0.00
12:55:39 PM        lo      9.00      9.00      0.78      0.78      0.00      0.00      0.00      0.00
12:55:40 PM        lo      0.00      0.00      0.00      0.00      0.00      0.00      0.00      0.00
12:55:41 PM        lo      0.00      0.00      0.00      0.00      0.00      0.00      0.00      0.00
12:55:42 PM        lo      0.00      0.00      0.00      0.00      0.00      0.00      0.00      0.00
12:55:43 PM        lo      0.00      0.00      0.00      0.00      0.00      0.00      0.00      0.00
12:55:44 PM        lo      0.00      0.00      0.00      0.00      0.00      0.00      0.00      0.00
12:55:45 PM        lo      0.00      0.00      0.00      0.00      0.00      0.00      0.00      0.00
12:55:46 PM        lo      0.00      0.00      0.00      0.00      0.00      0.00      0.00      0.00
12:55:47 PM        lo      0.00      0.00      0.00      0.00      0.00      0.00      0.00      0.00
12:55:48 PM        lo      0.00      0.00      0.00      0.00      0.00      0.00      0.00      0.00
12:55:49 PM        lo      0.00      0.00      0.00      0.00      0.00      0.00      0.00      0.00
12:55:50 PM        lo      0.00      0.00      0.00      0.00      0.00      0.00      0.00      0.00
Average:           lo    247.11    247.11     73.80     73.80      0.00      0.00      0.00      0.00
