Linux 4.4.0-142-generic (node0.g16-a2.cs744-s19-pg0.wisc.cloudlab.us) 	04/19/2019 	_x86_64_	(40 CPU)

12:02:23 PM kbmemfree kbmemused  %memused kbbuffers  kbcached  kbcommit   %commit  kbactive   kbinact   kbdirty
12:02:24 PM 182997252  13555720      6.90    155012   2951760  21578492     10.81  10097344   2349068         0
12:02:25 PM 182897880  13655092      6.95    155024   2951748  21607424     10.82  10206764   2349072         8
12:02:26 PM 182847876  13705096      6.97    155040   2951764  21754884     10.89  10256652   2349084       136
12:02:27 PM 182491756  14061216      7.15    155040   2951764  22118284     11.08  10605896   2349072       136
12:02:28 PM 182259440  14293532      7.27    155048   2952664  22537064     11.29  10840120   2349948      1036
12:02:29 PM 181783052  14769920      7.51    155048   2952664  22764060     11.40  11314768   2349956      1036
12:02:30 PM 181848200  14704772      7.48    155048   2952664  22794216     11.41  11237732   2349956         8
12:02:31 PM 182158512  14394460      7.32    155056   2952664  22354520     11.19  10931872   2349948        96
12:02:32 PM 182401176  14151796      7.20    155056   2952664  22144076     11.09  10689908   2349952        96
12:02:33 PM 182472900  14080072      7.16    155056   3191984  21824452     10.93  10372156   2589240    477248
12:02:34 PM 181369248  15183724      7.73    155056   3191772  23025796     11.53  11474824   2589052    478096
12:02:35 PM 181298668  15254304      7.76    155056   3191772  23003468     11.52  11544900   2589052    366760
12:02:36 PM 181978444  14574528      7.42    155064   3191764  22272660     11.15  10858612   2589052       280
12:02:37 PM 182101916  14451056      7.35    155068   3191772  22186256     11.11  10741340   2589052       588
12:02:38 PM 181218492  15334480      7.80    155068   3191936  23066996     11.55  11622320   2589208       756
12:02:39 PM 181302144  15250828      7.76    155068   3191936  22937092     11.49  11536940   2589208       756
12:02:40 PM 181952936  14600036      7.43    155068   3191936  22270040     11.15  10882184   2589208       756
12:02:41 PM 182041104  14511868      7.38    155076   3191936  22183636     11.11  10802044   2589208       592
12:02:42 PM 181167172  15385800      7.83    155076   3192104  23057152     11.55  11675024   2589368       764
12:02:43 PM 181193164  15359808      7.81    155076   3192104  23002080     11.52  11647680   2589368       764
12:02:44 PM 181902404  14650568      7.45    155076   3192104  22270528     11.15  10935108   2589368       764
12:02:45 PM 182046848  14506124      7.38    155076   3192104  22184124     11.11  10799108   2589368       764
12:02:46 PM 181140332  15412640      7.84    155080   3192268  23057152     11.55  11704176   2589528       760
12:02:47 PM 181242912  15310060      7.79    155080   3192268  22919032     11.48  11599048   2589524       760
12:02:48 PM 181913096  14639876      7.45    155080   3192268  22290656     11.16  10933920   2589524       760
12:02:49 PM 182084540  14468432      7.36    155080   3192268  22204252     11.12  10760332   2589524       760
12:02:50 PM 181203416  15349556      7.81    155080   3192436  23077280     11.56  11641096   2589684       928
12:02:51 PM 181297144  15255828      7.76    155088   3192428  22919032     11.48  11543692   2589684       928
12:02:52 PM 181894168  14658804      7.46    155088   3192436  22298852     11.17  10948528   2589684       596
12:02:53 PM 182000324  14552648      7.40    155088   3192436  22212448     11.12  10845240   2589684       596
12:02:54 PM 181155220  15397752      7.83    155088   3192604  23085476     11.56  11687940   2589844       768
12:02:55 PM 181213704  15339268      7.80    155088   3192604  22964864     11.50  11624324   2589844       768
12:02:56 PM 181839536  14713436      7.49    155096   3192596  22336488     11.19  10999524   2589844       768
12:02:57 PM 182017956  14535016      7.39    155096   3192604  22212448     11.12  10825880   2589844       596
12:02:58 PM 181408312  15144660      7.71    155096   3192772  23085476     11.56  11431740   2590004       768
12:02:59 PM 181181836  15371136      7.82    155096   3192776  23095944     11.57  11655336   2590004       772
12:03:00 PM 181804184  14748788      7.50    155096   3192776  22385256     11.21  11032348   2590004         4
12:03:01 PM 181977436  14575536      7.42    155096   3192776  22212448     11.12  10866200   2590004        12
12:03:02 PM 181104260  15448712      7.86    155104   3192948  23085476     11.56  11734504   2590168       212
12:03:03 PM 181089236  15463736      7.87    155104   3192948  23058308     11.55  11752404   2590168       212
12:03:04 PM 181837124  14715848      7.49    155104   3192948  22298852     11.17  11000328   2590168       212
12:03:05 PM 181919320  14633652      7.45    155104   3192948  22212448     11.12  10924244   2590168         0
12:03:06 PM 181051640  15501332      7.89    155104   3193116  23085084     11.56  11788508   2590328       188
12:03:07 PM 181317156  15235816      7.75    155120   3193108  22802092     11.42  11522424   2590328        36
12:03:08 PM 181792912  14760060      7.51    155120   3193108  22321176     11.18  11045264   2590308        68
12:03:09 PM 182091508  14461464      7.36    155120   3193108  22537760     11.29  10752044   2590308        68
12:03:10 PM 181371984  15180988      7.72    155120   3193280  22821612     11.43  11470292   2590460       244
12:03:11 PM 181480336  15072636      7.67    155120   3193280  22642280     11.34  11359008   2590460        12
12:03:12 PM 181802356  14750616      7.50    155120   3193280  22308824     11.17  11038144   2590460        12
12:03:13 PM 182257840  14295132      7.27    155128   3193280  22099408     11.07  10580564   2590460        72
12:03:14 PM 181432032  15120940      7.69    155128   3193448  22806644     11.42  11408832   2590616       244
12:03:15 PM 181443972  15109000      7.69    155128   3193452  22789740     11.41  11389456   2590608       252
12:03:16 PM 181848452  14704520      7.48    155128   3193452  22308824     11.17  10986740   2590612         8
12:03:17 PM 182310860  14242112      7.25    155128   3193452  21902796     10.97  10530564   2590612        12
12:03:18 PM 181605296  14947676      7.60    155144   3193616  22689072     11.36  11235836   2590788        64
12:03:19 PM 181496284  15056688      7.66    155144   3193616  22640304     11.34  11337988   2590788        64
12:03:20 PM 181807900  14745072      7.50    155144   3193616  22306848     11.17  11030920   2590788        64
12:03:21 PM 182203672  14349300      7.30    155144   3193616  22097432     11.07  10636640   2590788         4
12:03:22 PM 181021856  15531116      7.90    155144   3193788  25766576     12.90  11816792   2590940       188
12:03:23 PM 181195320  15357652      7.81    155152   3193788  24313844     12.18  11638408   2590940        68
12:03:24 PM 181388860  15164112      7.72    155152   3193788  24038188     12.04  11443396   2590940        68
12:03:25 PM 181950848  14602124      7.43    155152   3193788  22128844     11.08  10891060   2590844        68
12:03:26 PM 181097428  15455544      7.86    155152   3193956  23036216     11.54  11744864   2591004         0
12:03:27 PM 181025856  15527116      7.90    155152   3193956  23084608     11.56  11813060   2591004        12
12:03:28 PM 181817856  14735116      7.50    155152   3193956  22268000     11.15  11022944   2591004        12
12:03:29 PM 182009820  14543152      7.40    155160   3193956  22181596     11.11  10833344   2591004        28
12:03:30 PM 181077400  15475572      7.87    155160   3194124  23054276     11.54  11766208   2591164       200
12:03:31 PM 181226572  15326400      7.80    155160   3194124  22896028     11.47  11611164   2591164       200
12:03:32 PM 181736412  14816560      7.54    155160   3194132  22408084     11.22  11102228   2591160        16
12:03:33 PM 181980164  14572808      7.41    155160   3194132  22197640     11.12  10862776   2591160        16
12:03:34 PM 181290720  15262252      7.76    155168   3194300  23070668     11.55  11551556   2591324       224
12:03:35 PM 181135204  15417768      7.84    155168   3194300  23089396     11.56  11705560   2591324       224
12:03:36 PM 181920892  14632080      7.44    155168   3194304  22292304     11.16  10916196   2591324       228
12:03:37 PM 182024160  14528812      7.39    155168   3194304  22205900     11.12  10820860   2591324         4
12:03:38 PM 181543964  15009008      7.64    155168   3194476  22703920     11.37  11299332   2591480       192
12:03:39 PM 181274092  15278880      7.77    155172   3194476  22956352     11.50  11567632   2591480        40
12:03:40 PM 181866200  14686772      7.47    155172   3194476  22306720     11.17  10970420   2591480        40
12:03:41 PM 181970464  14582508      7.42    155172   3194476  22220316     11.13  10877152   2591480        40
12:03:42 PM 181076796  15476176      7.87    155172   3194644  23101540     11.57  11764272   2591640         0
12:03:43 PM 181230260  15322712      7.80    155176   3194640  22968560     11.50  11608984   2591652        60
12:03:44 PM 181835860  14717112      7.49    155176   3194640  22442968     11.24  11004928   2591652        60
12:03:45 PM 181903108  14649864      7.45    155176   3194640  23571748     11.80  10935568   2591648        60
12:03:46 PM 181059272  15493700      7.88    155176   3194812  24725352     12.38  11781308   2591816       236
12:03:47 PM 181170704  15382268      7.83    155176   3194812  25315076     12.68  11665448   2591816       236
12:03:48 PM 181519276  15033696      7.65    155180   3194808  24965912     12.50  11316276   2591816        64
12:03:49 PM 181694280  14858692      7.56    155180   3194812  24879508     12.46  11142308   2591816        68
12:03:50 PM 180915684  15637288      7.96    155188   3194984  26228288     13.13  11915584   2591976       244
12:03:51 PM 181197456  15355516      7.81    155188   3194984  25344016     12.69  11637956   2591976       244
12:03:52 PM 181429964  15123008      7.69    155188   3194984  25095936     12.57  11402292   2591976       244
12:03:53 PM 181539008  15013964      7.64    155196   3194976  24944380     12.49  11300244   2591976         4
12:03:54 PM 180858892  15694080      7.98    155196   3195156  27470544     13.76  11980052   2592140       220
12:03:55 PM 180873788  15679184      7.98    155196   3195156  25639092     12.84  11958064   2592140       220
12:03:56 PM 181322332  15230640      7.75    155196   3195156  25095844     12.57  11509348   2592140       220
12:03:57 PM 181434996  15117976      7.69    155196   3195156  24972832     12.51  11401216   2592140       220
12:03:58 PM 181481332  15071640      7.67    155196   3195328  27470544     13.76  11355832   2592304       176
12:03:59 PM 181058656  15494316      7.88    155204   3195328  25407288     12.72  11779280   2592304        28
12:04:00 PM 181203260  15349712      7.81    155204   3195328  25318312     12.68  11629916   2592304        28
12:04:01 PM 181396304  15156668      7.71    155204   3195328  24989224     12.51  11438912   2592304        28
12:04:02 PM 181844176  14708796      7.48    155204   3195328  24771612     12.40  10991356   2592304        28
12:04:03 PM 181008356  15544616      7.91    155204   3195500  25478848     12.76  11831220   2592468         0
12:04:04 PM 181028796  15524176      7.90    155208   3195500  25482924     12.76  11807344   2592468        28
12:04:05 PM 181488856  15064116      7.66    155208   3195500  24981028     12.51  11348104   2592468        28
12:04:06 PM 181854500  14698472      7.48    155208   3195500  24763416     12.40  10982988   2592468        28
12:04:07 PM 180970040  15582932      7.93    155208   3195672  25471292     12.75  11870964   2592632       204
12:04:08 PM 181021396  15531576      7.90    155208   3195672  25474728     12.76  11814320   2592632       204
12:04:09 PM 181501852  15051120      7.66    155216   3195672  24972832     12.51  11331656   2592632        32
12:04:10 PM 181772700  14780272      7.52    155216   3195672  25189416     12.61  11066584   2592632        32
12:04:11 PM 181022824  15530148      7.90    155216   3195844  25639732     12.84  11818196   2592792       208
12:04:12 PM 181137684  15415288      7.84    155216   3195848  25314828     12.68  11697580   2592792       212
12:04:13 PM 181847652  14705320      7.48    155216   3195848  22312708     11.17  10989868   2592364       212
12:04:14 PM 181943464  14609508      7.43    155224   3195848  22529292     11.28  10900576   2592364        28
12:04:15 PM 181386824  15166148      7.72    155224   3196020  22811168     11.42  11455008   2592528       212
12:04:16 PM 181501056  15051916      7.66    155224   3196020  22644188     11.34  11342272   2592528       212
12:04:17 PM 181837900  14715072      7.49    155224   3196020  22310732     11.17  11002200   2592528       212
12:04:18 PM 182102168  14450804      7.35    155224   3196020  22248776     11.14  10742008   2592528       212
12:04:19 PM 181402432  15150540      7.71    155232   3196184  22763360     11.40  11438800   2592692         4
12:04:20 PM 181534544  15018428      7.64    155232   3196196  22600332     11.32  11305788   2592688        36
12:04:21 PM 181850268  14702704      7.48    155232   3196196  22304512     11.17  10989104   2592688        36
12:04:22 PM 181958676  14594296      7.43    155232   3196196  22218108     11.13  10884188   2592688        36
12:04:23 PM 181188648  15364324      7.82    155232   3196368  23574052     11.80  11650200   2592852       212
12:04:24 PM 181448812  15104160      7.68    155232   3196368  22677984     11.36  11389472   2592852         0
12:04:25 PM 181812372  14740600      7.50    155240   3196368  22306892     11.17  11026428   2592852        52
12:04:26 PM 181932296  14620676      7.44    155240   3196368  22220488     11.13  10914116   2592848        52
12:04:27 PM 181640968  14912004      7.59    155240   3196540  23582248     11.81  11197100   2593012       228
12:04:28 PM 181431904  15121068      7.69    155240   3196540  23074544     11.55  11409544   2593012       228
12:04:29 PM 181824900  14728072      7.49    155240   3196540  22306892     11.17  11013096   2593012       228
12:04:30 PM 182016384  14536588      7.40    155256   3196548  22220488     11.13  10827976   2593020        24
12:04:31 PM 181174380  15378592      7.82    155256   3196720  23574052     11.80  11667092   2593184       204
12:04:32 PM 181496656  15056316      7.66    155256   3196720  22677984     11.36  11342784   2593184       204
12:04:33 PM 181718472  14834500      7.55    155256   3196720  22438100     11.24  11118064   2593180       204
12:04:34 PM 182027048  14525924      7.39    155256   3196720  22228684     11.13  10812956   2593180       204
12:04:35 PM 181168732  15384240      7.83    155260   3196888  23582248     11.81  11670652   2593344       176
12:04:36 PM 181473984  15078988      7.67    155260   3196888  22686180     11.36  11364000   2593344       184
12:04:37 PM 181818700  14734272      7.50    155260   3196888  22306892     11.17  11015988   2593344       184
12:04:38 PM 181901536  14651436      7.45    155260   3196892  22220488     11.13  10935108   2593344       188
12:04:39 PM 181710692  14842280      7.55    155260   3197064  23093516     11.56  11133420   2593508       360
12:04:40 PM 181285036  15267936      7.77    155268   3197064  23066348     11.55  11555328   2593508         4
12:04:41 PM 181840728  14712244      7.49    155268   3197064  22306892     11.17  10993564   2593508        12
12:04:42 PM 181980336  14572636      7.41    155268   3197064  22220488     11.13  10859000   2593508        12
12:04:43 PM 181478812  15074160      7.67    155268   3197236  23093516     11.56  11358804   2593672       188
12:04:44 PM 181027884  15525088      7.90    155268   3197236  23171932     11.60  11808276   2593672       188
12:04:45 PM 181828416  14724556      7.49    155276   3197236  22309300     11.17  11005500   2593672         0
12:04:46 PM 181970808  14582164      7.42    155276   3197236  22222896     11.13  10867624   2593672        16
12:04:47 PM 181210492  15342480      7.81    155276   3197408  23576460     11.81  11627552   2593836       192
12:04:48 PM 181470404  15082568      7.67    155276   3197408  22688588     11.36  11366208   2593836       192
12:04:49 PM 181831868  14721104      7.49    155280   3197408  22306892     11.17  11003308   2593836       196
12:04:50 PM 181986944  14566028      7.41    155280   3197400  22220488     11.13  10854288   2593820        76
12:04:51 PM 180506292  16046680      8.16    155280   3197572  24804604     12.42  12329256   2593984       188
12:04:52 PM 181476704  15076268      7.67    155280   3197576  22669788     11.35  11356288   2593980       192
12:04:53 PM 181787116  14765856      7.51    155280   3197576  22336444     11.19  11048348   2593980       192
12:04:54 PM 181930556  14622416      7.44    155280   3197576  22212404     11.12  10908608   2593980       192
12:04:55 PM 180972092  15580880      7.93    155284   3197748  24804716     12.42  11863344   2594144       244
12:04:56 PM 181549128  15003844      7.63    155284   3197748  22678096     11.36  11287720   2594144        12
12:04:57 PM 181748084  14804888      7.53    155284   3197748  22430016     11.23  11088032   2594144        12
12:04:58 PM 181873452  14679520      7.47    155284   3197752  22307004     11.17  10965804   2594140        20
12:04:59 PM 181560448  14992524      7.63    155284   3197924  24804716     12.42  11275296   2594308       196
12:05:00 PM 181424576  15128396      7.70    155292   3197924  22804824     11.42  11408540   2594304        40
12:05:01 PM 181699240  14853732      7.56    155292   3197924  22468856     11.25  11139312   2594304         4
12:05:02 PM 182010228  14542744      7.40    155292   3197924  22221804     11.13  10829640   2594304        24
12:05:03 PM 180512556  16040416      8.16    155292   3198096  24805900     12.42  12322708   2594468       200
12:05:04 PM 181499224  15053748      7.66    155292   3198096  22677568     11.36  11338064   2594468       200
12:05:05 PM 181853128  14699844      7.48    155300   3198096  22306476     11.17  10981344   2594468        72
12:05:06 PM 181820684  14732288      7.50    155300   3198096  22306476     11.17  11018456   2594468         0
12:05:07 PM 181672704  14880268      7.57    155300   3198268  24804716     12.42  11165616   2594636       184
12:05:08 PM 181399280  15153692      7.71    155300   3198268  22767188     11.40  11434884   2594632       188
12:05:09 PM 181719340  14833632      7.55    155308   3198260  22430016     11.23  11112104   2594632       188
12:05:10 PM 181809588  14743384      7.50    155308   3198264  22307004     11.17  11028784   2594640        60
12:05:11 PM 181628112  14924860      7.59    155308   3198436  24804716     12.42  11207500   2594796       236
12:05:12 PM 181376112  15176860      7.72    155308   3198436  24405492     12.22  11461108   2594804        12
12:05:13 PM 181673620  14879352      7.57    155308   3198436  23784696     11.91  11162712   2594796        12
12:05:14 PM 181659604  14893368      7.58    155308   3198436  23937448     11.99  11176480   2594796        12
12:05:15 PM 181863572  14689400      7.47    155316   3198436  24727360     12.38  10969472   2594796        64
12:05:16 PM 181057160  15495812      7.88    155316   3198608  25436864     12.74  11776292   2594960       240
12:05:17 PM 181186044  15366928      7.82    155316   3198608  25293888     12.67  11646692   2594960        12
12:05:18 PM 181515504  15037468      7.65    155316   3198608  24960432     12.50  11316604   2594960        12
12:05:19 PM 182002504  14550468      7.40    155316   3198608  24923276     12.48  10832628   2594960        12
12:05:20 PM 181128484  15424488      7.85    155320   3198780  25462712     12.75  11706116   2595124        28
12:05:21 PM 181075364  15477608      7.87    155320   3198780  25466148     12.75  11757284   2595124        28
12:05:22 PM 181560236  14992736      7.63    155320   3198780  24963412     12.50  11266780   2595124         4
12:05:23 PM 181644076  14908896      7.59    155320   3198780  25179996     12.61  11191092   2595124        12
12:05:24 PM 181138272  15414700      7.84    155320   3198952  25639108     12.84  11692432   2595288       188
12:05:25 PM 181263972  15289000      7.78    155324   3198956  25314808     12.68  11566160   2595288        32
12:05:26 PM 181584832  14968140      7.62    155324   3198956  24981352     12.51  11241976   2595288        32
12:05:27 PM 181721996  14830976      7.55    155328   3198952  25124200     12.58  11109760   2595288         0
12:05:28 PM 181159704  15393268      7.83    155328   3199132  25471616     12.76  11670252   2595460       192
12:05:29 PM 181261384  15291588      7.78    155328   3199132  25306612     12.67  11563956   2595460       192
12:05:30 PM 181532648  15020324      7.64    155336   3199132  25141596     12.59  11296908   2595460        44
12:05:31 PM 182001128  14551844      7.40    155336   3199132  24911200     12.47  10827368   2595460        48
12:05:32 PM 181251656  15301316      7.78    155336   3199304  25471176     12.75  11577700   2595628       224
12:05:33 PM 180864736  15688236      7.98    155336   3199304  25835512     12.94  11962476   2595620        12
12:05:34 PM 181943084  14609888      7.43    155336   3199304  23908564     11.97  10889120   2595620        12
12:05:35 PM 182009740  14543232      7.40    155344   3199296  23578612     11.81  10827400   2595600        12
12:05:36 PM 180917172  15635800      7.96    155344   3199476  24737896     12.39  11918368   2595764       208
12:05:37 PM 180899968  15653004      7.96    155344   3199476  25638768     12.84  11928660   2595764       208
12:05:38 PM 181514944  15038028      7.65    155344   3199476  25088400     12.56  11314836   2595764        12
12:05:39 PM 182010952  14542020      7.40    155344   3199476  22209568     11.12  10828012   2595764        12
12:05:40 PM 181086864  15466108      7.87    155344   3199648  26170224     13.10  11750808   2595852       188
12:05:41 PM 181388316  15164656      7.72    155352   3199648  24075028     12.06  11447260   2595852        32
12:05:42 PM 181348668  15204304      7.74    155352   3199648  25152188     12.60  11481140   2595852        32
12:05:43 PM 181455596  15097376      7.68    155352   3199648  24946112     12.49  11377208   2595852         4
12:05:44 PM 181944036  14608936      7.43    155352   3397352  24341272     12.19  10688152   2793356    197720
12:05:45 PM 182453472  14099500      7.17    155352   3199824  23021648     11.53  10382200   2595964    478020
12:05:46 PM 182136708  14416264      7.33    155352   3199824  23282440     11.66  10626192   2595960     44548
12:05:47 PM 182178948  14374024      7.31    155364   3199828  24192900     12.11  10654736   2595960       580
12:05:48 PM 182533420  14019552      7.13    155364   3199828  21524492     10.78  10312692   2587284       580
12:05:49 PM 182532568  14020404      7.13    155364   3199832  21524492     10.78  10317128   2587268       584
12:05:50 PM 182533560  14019412      7.13    155364   3199832  21524492     10.78  10317128   2587268       584
12:05:51 PM 182535220  14017752      7.13    155372   3199832  21524492     10.78  10317136   2587268       628
12:05:52 PM 182532712  14020260      7.13    155372   3199836  21524492     10.78  10320492   2587264       632
12:05:53 PM 182533456  14019516      7.13    155372   3199836  21524492     10.78  10320492   2587264       632
12:05:54 PM 182534776  14018196      7.13    155372   3199836  21524492     10.78  10320492   2587264       632
12:05:55 PM 182535776  14017196      7.13    155372   3199836  21524492     10.78  10320492   2587264       632
12:05:56 PM 182536288  14016684      7.13    155380   3199836  21524492     10.78  10320500   2587264       644
12:05:57 PM 182537052  14015920      7.13    155380   3199836  21524492     10.78  10320500   2587264       644
12:05:58 PM 182537616  14015356      7.13    155380   3199836  21524492     10.78  10320500   2587264       644
12:05:59 PM 182538112  14014860      7.13    155380   3199836  21524492     10.78  10320500   2587264       644
12:06:00 PM 182538840  14014132      7.13    155380   3199836  21524492     10.78  10320500   2587264       644
12:06:01 PM 182539012  14013960      7.13    155384   3199836  21524492     10.78  10320500   2587264       644
12:06:02 PM 182539500  14013472      7.13    155384   3199840  21524492     10.78  10320500   2587264       648
12:06:03 PM 182539940  14013032      7.13    155384   3199840  21524492     10.78  10320104   2587268       648
12:06:04 PM 182540188  14012784      7.13    155384   3199840  21524492     10.78  10320104   2587268       648
12:06:05 PM 182540452  14012520      7.13    155384   3199840  21524492     10.78  10319704   2587268       648
12:06:06 PM 182540452  14012520      7.13    155392   3199840  21524492     10.78  10319712   2587268       644
12:06:07 PM 182540832  14012140      7.13    155392   3199840  21524492     10.78  10319712   2587268       648


Average:    181673401  14879571      7.57    155221   3187226  23262683     11.65  11175279   2583174      9344
